ch_last_tot_tl_contr
.16989851
.10178232
0
.090150833
0
-7.6496925
.20067072
.3378067
.49365807
.52053452
.34887791
.35020256
-.088947296
7.495542
0
-.075223923
.12516308
0
.092782021
.10536051
-1.94591
8.1315308
.46357203
.080042839
.74721384
-.018349171
-.57054472
.067441463
1.1909857
-.080042839
-7.1701198
-6.2146082
-.16362906
-.095310211
.60613585
-1.4663372
-.66139793
1.637609
-7.8823147
-6.7452364
1.0745144
-.84156704
-2.8903718
0

.53630543
.20544434
.69314718
.90136528
.23713017
-6.6846118
-2.2437449
0
.24640083
0
.046520233
-.054067135
0
.34627628
.15984821
0
.021053314
.39086628
.88035822
.29924297
.30110455
.56909418
1.286211
1.8870697
-5.9914646
-.13353157
0
0
.22314358
.074108124
-.64869499
.33314419
.39204216
-6.5510802
-7.5229411
.17768097
-.048790932
.27802086
.66904926
-.31845379
-.14903545
1.7917595
.013244629
-.24994183
.33074188
.70621967
.24740887
.081677914
-1.0986123
1.0986128
0
1.2205024
0
-7.8632669
.83532143
-1.6986685
0
1.7206631
.27193356
-.55961561
-7.3132205
.28768206
.38299179
-1.8769169
-7.8240461
.054067135
1.2039728
.23841095
0
.32158327
-1.1192317
-.28768253
-7.6962128
.2972517
-4.6051702
0
-.91629076
1.3862944
-.051293373
-7.4085307
0
-.83093071
.63324928
.016000748
1.3237739
.45953178
-2.7725883
-.6286087
.29267025
.19574451
-.51082516
.2749424
.30748463
-.94446182
-1.2039728
0
.017699242
.3677249
-.054067135
.66845417
0
-.88730335
-.55552578
.24256134
.8247242
1.7917595
0
-.29334784
2.3826275
-2.9267392
.18805265
-5.7037826
.11122561
.59783697
-2.6026897
-6.7452364
.087011337
-.42488337
7.5496092
-7.5496092

.014815331
-7.9010072
6.1092477
-.032790184
0
-.28768206
-.76913309
.31309128
0
.18232155
.98082924
1.9136496
.60613585
0
7.3132205
-.37948895
.48550797
.15963078
-.24116182
-.69314718
.13005257
-2.4849067
-.69314718
.27510357
-3.6635613
0
-.054067135
0
0
-7.9373746
-7.377759
-7.5755849
-.22314358
.30010509
-.071458817
-6.8023949
-.047627926
.82376719
0
-.188591
-.45953178
0
.52609301
-8.4553175
-.087011337
.60459375
0
-.14242077
6.1092477
.87546825
-5.9914646
.10536051
0
-7.20786
0
-.11641026
-.047253609
1.0986123
-1.335001
-.9963336
-7.6962128
9.7981272
-.31585312
1.1071229
6.6200733
8.5171928
0
-.69314718
.56639576
.31365776
.19611549
.40546513
1.6582279
-.80234623
-.025975704
.13353157
-5.0106354
-.027779579
.69314766
-.55961609
-2.4849067
.52452421
.29376125
-2.0614228
-.97344923
.3646431
-.32850361
8.7483053
.48036671
0
-8.0063677
-8.1605186
-1.81529
.2787137
.3053813
0
0
.084082603
0
0
-.99852848
-7.7186856
0
.60613585
-.56953287
-7.6255951
1.0296197
0
-7.5755849
-7.5755849
-.25131464
9.4334841
-.27698612
-7.7186856
.16251898
1.7047482
-.42608452
0
.59205055
.77908945
.42956352
-.021053314
0
.65232468
-.7121954
0
0
0
1.8245487
-.74579096
-7.5496092
.6286087
.20067072
-.087011337
-6.6846118
0
-6.3969297
.28768253
0
-.5465436
.33349133
.89794111
.72886467
0
1.8029952
-.02150631
0
.78845692
-.14107847
1.1470642
.34830666
.26826382
1.5314765
1.2527633
.15415096
-1.7491999
-7.7186856
1.0203609
.060624599
-.28768206
-7.495542
.75527906
-.20763922
-7.7406645
-7.3132205
0
0
.37351418
-8.5564137
1.4307461
1.0372434
-.61436605
-.76214027
.18232155
0
8.3064718
0
.074107647
.88605022
5.0106354
.74315691
.05715847
.71846437
-7.4085307
.23180151
.075222969
-1.8325815
.27029037
-7.5229411
.31015491
.2411623
.87139511
.64802647
-5.0106354
-.26966286
-.51879358
.26662874
.141078
-7.20786
1.9810014
1.3307242
-.053110123
.35454464
-1.0986123
1.618917
0
.063512802
-.28768206
6.1092477
1.0296192
.2728672
-.57334614
0
.40546513
-2.9704146
.12516308
6.8023949
.51082563
-.088553429
-1.8170767
.7295146
.042559624
0
-1.6739759
.10536051
-3.2386785
.014815331
.32721329
.087011337
.28768158
.21868896
-.85105038
-7.972466
.34687138
0
.51082516
.96758366
-8.5369959
-8.2687321
-1.0498223
-.76725531
-.10536051
.30637455
.34574604
.37469339
.40546513
-.23638868
-1.1700711
-.064538479
0
-.52324772
.76214027
-.60299635
.10318422
.037740707
-6.8023949
-1.7491994
-.39768267
0
.57536364
-6.3969297
-.85745049
.033901215
-8.4763708
-.029413223
.35937405
0
1.0414538
-1.3322272
.60976505
-.87546873
.45601749
.23483944
0
.061875343
.24889612
1.5339303
.05715847
0
-.28768206
0
1.4484258
-.041549683
-8.2814713
-.14310074
0
.16551447
-.40546513
-.080042839
-7.4383836
-.011300087
.48550797
-6.6200733
0

0
.28768158
-9.5539303
.66139793
-.9534297
0
-.22314358
-.21622324
-.1643033
1.9123874
-7.9550743
7.6496925
-8.4338112
7.1701198
-7.3132205
-.22314358
-1.5505977
.10135269
.099090576
0
0
-8.3546743
0
0
.25249577
.76213932
-.22314358
7.5496092
-.55552578
-1.0360913
.2837677
-.47445822
.1144104
.39147854
0
.75686264
.46357203
-2.3513751
-1.8718023
-2.9087205
0
-7.6255951
7.8038435
.82320023
-.18232155
-.024692535
.2972517
.58778667
-.95551157
-.060625076
.61903954
7.8438487
-7.20786
-.055262566
-7.5755849
-5.7037826
-.5389967
0
-6.6846118
0
.39915562
-8.1167154
-.18232155
-7.3132205
-.068993092
-8.1315308
8.3187418
-1.5686159
0
.15415001

-.19530821
2.285778
-8.1016779
7.495542
1.9113045
-.28768206
-6.3969297
.63177872
0
.23180199
.33420181
0
-7.495542
-.63808727
-2.3353744
.75939655
.49703217
.18232155
.064538002
1.0296192
0
-7.8240461
.68384457
0
0
-8.7483053
-.11778307
.67916059
1.2219911
.72763348
8.922658
-7.7832241
-.7949295
.52501011
.26826382
-.71562004
.14378738
-2.0541239
2.0395956
0
-7.1701198
0
.55278969
.25672054
1.0467868
.4539175
-7.130899
-1.3291359
-.45083332
-7.5755849
-.38984013
0
-2.4849067
.087011337
5.7037826
-.029852867
1.3862944
-.3726759
-.29626608
0
0
-.69314718
-7.9010072
-.69314718
.42956257
.10379696
-6.6846118
-.98082876
-.35667515
-.090970993
0
.054067135
-.087011337
-.5904932
-1.7255096
.20763969
.27625322
0
0
.34830666

.060624599
-.062520504
.82667875
-8.1016779
0
.69314718
.13554573
-.19948959
-7.3132205
-.97499847
-3.1780539
-7.0030656
.58279896
-8.1315308
1.1478829
0
-.5465436
3.3672957
-.61903954
0
.12516308
-.4700036
.33647156
-.13192749
-2.0794411
9.3056507
.080042839
-.61618614
-.45953226
.45198488
-7.7832241
0
8.6305218
0
0
.15415049
.05715847
1.0216508
.25782919
.75377178
0
.40546513
0
.52053452
.86377287
-.10536051
.68145132
0
.9664402
-.31691122
-1.5639753
.25672054
-2.6741486
1.4240346
.077961445
.12516308
-.47000313
0
-2.6855774
.27193356
-7.9193563
-.3768096
1.4816041
-.33986807
-.5306282
-8.3187418
-.43078279
.037740231
0
-1.2237754
-1.011601
0
1.4136934
-.26731491
.35222006
-.22314358
.18232155
.1000843
1.3990331
.15415049
.40546513
-.23596382
0
.35667419
.17798233
-.026907921
-.67445469
1.0726366
-7.5496092
.5904932
1.5723968
-.3429451
7.5755849
-.010929108
.084557533
.068053246
-.072758675
-1.0726361
0
-7.972466
-8.0063677
.17095804
-2.5649495
-5.9914646
1.2878542
.065958023
0
7.8632669
7.6255951
-.66904974
-.28768158
-.41198015
.89567089
-7.972466
-.05715847
0
-.14660358
-1.0296192
0
.44183302
.70158625
-1.1786551
.79223824
-.67067432
1.076139
.2978344
.69314718
.65981102
0
-.19530821
-8.4658995
-.54080677
.23638868
.46488857
-.021979332
-.43995142
.054067135
0
.32850409
-.18610191
8.8956299
-.50209188
1.8362112
.16705418

.13353062
-.4439311
-1.1749854
-.16164207
-8.5369959
0
.30318642
5.521461
-7.9193563
.39167213
-.27625322
-.12715483
.47378445
.20544434
.54654408
0
.064538479
-7.1701198
.16362953
-7.7832241
0
.03636837
.89674664
-.43825436
0
.1625185
-8.3893595
.80136108
-8.2687321
-7.7186856
.23808575
-.021053314
.90078592
.50310326
.50024319
.37469387
-.17284298
.92272186
.27443695
-.63908005
-2.151762
1.1786547
.66387653
2.1400661
.20067072
7.972466
8.1605186
1.1239295
-5.0106354
.074107647
-4.6051702
-8.1016779
-.11918831
1.2431931
-.40546513
.48550797
.79694366
.68171883
-.5212965
8.4969902
-.14660358
-8.5564137
-6.7452364
-.11122513
.26706314
2.3671231
-.7137661
.2006712
7.9010072
-.51987553
0
-.51082563
-.043485165
-.11122561
.156569
-2.3978953
.21440983
.41689348
0
.10536003
.79580069
-.013986588
-1.5606475
-2.3671231
-6.9565454
0
-.97186089
-.047252655
.2488966
-1.8458266
-7.377759
-.55117702
.27541256

.70556927
0
-1.1856236
.17904854
5.521461
-.28286266
-.98082924
0
.40957165
.53408241
.088553429
.26236343
0
.79850721
-7.5496092
-1.0826116
.13580132
8.8246775
-.78015804
-.94260836
0
0
.44802475
-.27541208
0
-1.1786551
-1.3932147
0
.24685955
-.36150265
1.3862944
.3968811
-.017094612
1.1884685
.84437752
-2.3978953
0
-.064538479
.032790184
0
-8.3893595
.76865435
-.51082563
.51082563
0
.064538479
.23638868
.97246122
.64513779
0
0
0
0
-.054067135
-.28090239
-7.8632669
-7.4085307
-7.6496925
-7.4085307
1.0900283
-.087011337
0
-8.4006596
-8.5171928
.31015491
-7.9895606
-.028171062
0
.15656853
.013793945
-7.9193563
1.0663514
3.7841892
-.15860558
-1.3862944
-7.7186856
.94614315
-.71846437
.31508112
.11954498
-1.2321439
-.28141212
.22556973
2.310884
-7.0900769
1.2205019
.022473335
.87219572
.11934662
-.095310211
.05505991
-.18540335
-.20067072
.2006712
.048789978
.045462608
-1.9095426
.5658083
7.0030656
.43386459
-.015504837
.96281052
-8.3428402
0
.85441494
.23841095
8.7160444
-.5679841
-.34092712
.21197033
-7.9373746
.92425919
.41284513
1.1438684
.43623638
.2436223
-6.6846118
.1365757
.21570826
0
7.6496925
0
-.07696104
.21905422
-.76837063
.10969925
-.045462608
9.5104446
.35454559
-8.5369959
-.90445662
.32277346
-1.0068045
.91629028
.67209339
-.89794159
.5725193
-7.4085307
0
-2.4849067
.53630447
0
-7.4085307
.054067135
7.9550743
0
1.0986118
1.1404595
.064538479
0
2.5356793
-.51082563
.15415049
.96508121
-8.4969902
-.11000061
-5.521461
-1.4663372
0

.22631264
-5.0106354
1.2321434
0
.66845417
-1.4403615
-.42121315
-2.6026897
.4635725
-8.0063677
8.648221
-1.5656352
.44183302
1.89712
8.5941544
0
-1.5581446
.49401855
1.3249259
0
-8.5941544

-7.5755849
.79112768
.32721329
-.2657032
-.089612007
6.9077554
.38101387
0
-.23361492
0
0
.67409897
.081677914
-7.7621708
-2.3978953
.33647251
-7.495542
.17958546
1.1303606
0
-.73088741
-.3980298
.043485165
-1.4916544
-1.0809126
-.27329254
-7.5755849
-.14141178
0
-.087011337
.015504837
.88238907
1.018569
-1.1741199
.14197016
.21772289
1.8718023
-1.3862944
.45830727
.099629402
.89948368
0
.41284513
.9534297
.23841095
-.30625916
1.0986118
.40546513
.28768206
-.027399063
8.4763708
-.72823858
-.84729815
-.35667419
.37469387
0
0
6.6200733
7.7186856
-8.1747026
-.82667875
9.6927662
-6.6846118
.013072968
-.69314718
.12323284
-.87546873
-.18721151
.44731236
-7.4085307
.25951147
-1.9661131
-1.1895843
0
-6.6200733
-1.0414538
0
6.5510802
.12260246
.4700036
-.13353062
.4372139
-2.3223877
-7.5755849
.88730335
1.1386175
-8.2814713
-.13720131
0
.021978855
.8732729
0
0
-.20972061
.82319975
-.59598303
1.7635889
4.6051702
-.92953587
.09909153
1.0226259
.48183823
1.0678401
.28768158
2.2881961
.074107647
-.074108124
.59205055
-.6090641
-7.6496925
-.52609253
-1.562645
1.4708514
-7.495542
0
-.42199421
.51082563
-.41318703
.62415409
-7.0900769
-.080042839
.58996248
-8.8678503
-.89794159
.27193356
.18540335
-.20067072
.3022809
-8.7483053
.064538956
5.521461
.18232155
-1.4733057
0
.49020672
.31994247
-.33135748
-1.3291359
.18232155
-.58778667
2.2129731
-1.299283
.49899149
.48835278
.60738087
-7.7186856
-.61903954
.28768206
0
0
-7.8823147
.22314358
-7.5755849
.75377178
0
0
-.74649334
0
-1.3609767
.20252419
-2.0368819
0
0
-.80755758
.048789978
.46536303
-.35667515
.74923611
.77319002
-1.3862944
8.0063677
-.37156391
.38677311
.071458817
0
.67372894
-.14929581
.69314718
0
7.8240461
0
.50024319
1.4663372
-.11778307
-.73570681
.060624599
-.18232155
-.69314718
.43825531
5.0106354
.096849442
-1.7917595
-.16705418
0
.31666994
0
-7.5755849
0
-.016807079
-.19845104
-7.0030656
.18232155
.86020088
-7.20786
-.063179016
.054067135
-.4613452
1.5448995
-.81831026
.31585312
.28768206
.31449413
.28768206
-.11506939
0
-1.8607526
0
-.37085915
-.029852867
.34174871
6.1092477
-.023530006
-8.5564137
-2.4849067
.12516308
1.1664352
.20763874
0
-7.9550743
-1.0014486
.76028681
.15415096
-.090971947
-1.4663367
.10536051
9.2398996
.13814974
.31015491
.028171062
-1.1895843
-.6757555
.60858965
.32639694
-.99852896
-.14310074
-.068992615
.20067072
.1031847
.14518213
.65058708
.070204735
-.32277346
.44320488
-.58778667
0
-5.0106354
0
-2.3978953
.044451714
-3.6888795
9.1377697
.61202145
0
-.14310074
-.81620693
.051293373
.40989971
-.26236439
-1.7917595
.28768158
0
9.1901379
0
-.89794111
-8.0709057
.69314718
.59783649
.25131416
.17494202
-.31015491
-5.0106354
-1.5804501
1.4975195
-2.2772675
-2.4567361
.46357203
.63598871
0
-7.8240461
-.15415096
-.37469339
.58778667
0
-8.2687321
.16332531
-.074107647
6.3969297
.3424902
7.8240461
0
.050010204
.57981873
-7.6962128
0
-1.0986123
9.1590471
.05715847
-.83290911
.40546513
-.064538479
1.7331657
-7.9010072
.55004644
.31015491
-8.5271435
.69314671
-.53280401
.059089661
-.18232155
-1.8870697
.14660358
-.38077259
.87546825
.25593281
2.6946273
-7.7832241
.75198746
-.74606991
7.495542
.18232155
1.0726366
-.31845379
-.043485165
-.5625267
-.09763813
0
1.5040774
.40546513
.20661449
1.1601706
.13883638
.73236752
-.16507959
-7.7186856
.24946117
0
-.47445822
0
-8.5754623
.060624599
-2.2772675
.44393158
0
.85893917
.44558525
.14310074
-.69314718
.30918789
-.16705418
-7.7186856
0
.15415096
-.18436432
-.41870975
.05715847
-.49899101
.34092665

-.13720131

.28090191
-.53551769
.76214027
-.4177351
-7.7621708
.38372517
-.49247646
.070952415
1.2039728
.21056557
.45581913
.44802475
.88605022
-7.8240461
.12189007
.27510357
0
7.7832241
.24322987
-6.9077554
.35222054
.63487816
.40546513
.21130896
-1.6739764
-.046520233
-.18610191
5.7037826
.77318954
-1.1786551
.011428833
.58525848
0
-.095310211
.7748251
-.86750031
.40546513
-3.5263605
0
-.23556614
-6.8023949
.3617897
-.33647203
.25014496
.93546104
-1.4663372
.61903906
0
-7.7621708
-7.377759
-1.3397746
-.60613585
-.33135748
.58493328
.1910553
.95097589
.074108124
-.98082924
1.299283
-.6286087
8.1016779
-8.6827078
0
.52324772
.20479441
-.028170586
-.12783337
0
-8.1016779
.38484573
-8.2427559
.84729767
0
-.27541208
.2787137
.12516308
.16507959
0
.55117702
-.32542229
.79223776
0
1.2762933
.02150631
.52324772
-.85566568
-7.7832241
-8.0391569
.26415157
-.095310211
.02040863
0
1.0608716
.43286419
0
-.04609108
7.377759
0
-2.0794415
-.20763922
.074107647
-7.8632669
-2.9957318
.020619392
.40546513
.35667515
-7.3132205
2.3978953
-7.6962128
-.027399063
.010471344
.18232155
-.4760828
-.31845379
.040822029
.17824841
.89199829
0
-.05715847
.67445517
-7.9550743
-.18232155
-.58394766
.12588024
7.3132205
6.7452364
.030772209
.042559624
.21825361
-1.3437347
-1.6094379
-8.507143
-.32721329
-.29376125
0
.1347332
.63598871
-5.7037826
.20479488
.46203518
0
-.087011337
.51082563
.31299973
.49965239
.25489235
-.16989851
8.7160444
.3850565
.080042839
.063512802
-7.7832241
-7.8823147
-.37469339
-7.5755849
-3.0445223
-7.7832241
-1.4615178
.3968811
.32850409
.19912815
.28768158
.61217785
-1.1786551
.043485165
0
-8.2160883
.66961718
-.055570126
0
2.7300286
-1.5040774
-8.4867344
-1.1526794
.83624792
.18232155
-.0350914
-7.4085307
-8.2427559
1.3336501
-8.1605186
-8.0063677
0
.42285728
-.40546513
0
.79850721
-7.5755849
.25131464
.19237137
.25131416
.63848877
-.32542229
1.1526794
-8.0709057
0
.64185333
0
-3.4657354
-.19782591
-.18232155
-1.0498223
.63324928
-1.0379872
-.028170586
.54856586
-7.7832241
.27193451
-8.7323046
0
-7.7832241
0
0
.095310211
.70621967
1.299283
1.0459685
.18232155
0
.32721329
.39531231
-.40546513
-.22957468
-2.4849067
-1.2039728
-7.3132205
.91220093
.28768253
-2.4849067
.49401855
-.67605257
1.0453677
-7.4085307
.17520428
0
.16034317
-.31015491
0
-6.9565454
-7.495542
.6286087
1.8481126
-1.4733057
.10536051
-.99462271
.023530483
.52609301
-.65924549
-1.734601
0
0
-.4177351
.037740231
0
.69314718
-2.3167696
-.16164112
-.2947998
0
-.81093025
.19290352
.16388798
.84267902
-.54654312
-.92953587
-2.228477
.090150833
7.6009026
-7.972466
1.1307693
-.19237185
.09038353
.14660358
0
-.69314718
0
0
-.55961609
.4369278
.036367416
.4238143
-7.495542
-2.233592
.20479488
2.1252508
-.097163677
.2972517
-.69314718
.060624599
.1865859
-.69314718
.42285681
-.7108469

-.65058756
-.024097443
1.9924302
.8247242
.65287399
.71024179
.22314358
-8.2160883
-1.1394343
1.0116005
-.043485165
-.033901691
-.43078279
1.2039728
0
0
0
.92676163
.095310211
.41729927
-.84729815
1.1334591
-.067441463
0
6.1092477
-.78085232
.26826382
0
.51546621
.064538479
.092206955
-.78845739
.21440983
.060624599
.46357203
-1.011601
4.6051702
.32768726
.05715847
-8.6995144
.9932518
-8.0063677
.82667875
-.064538479
.62645626
0
7.972466
-.33647203
-1.0986123
-.10536051
.49899149
.33647251
-.40047741
.33213329
-6.3969297
.87139511
.065958023
.7523365
-.13613224
-.58778667
.49469566
-7.7186856
.56953287
-.33647203
-.59911776
1.0296192
-1.724318
.22314358
0
.51987553
0
-.34662437
-.5389967
0
.0350914
-.4399519
.32768726
0
.64869499
-.085157871
-1.0986123
.20829773
.30110455
-.28768206
-.5671072
2.233592
-1.5581441
0
5.7037826
.38566208
-.56393528
-.31633759
-.27241421
.75910473
-8.0551577
0
.16862249
-.51725674
1.15098
.99462271
.18232155
-.23967266
0
-.18540335
.43428516
1.6916761
-.12260246
-7.9010072
-1.9924302
-.19885159
-.42526817
1.6422276
.22778416
0
0
.035717964
0
-.22314358
-.4700036
-8.3663702
.42028046
1.1769443
.44628716
.1365757
0
-.31015491
.7047081
-.50455666
-.17284298
-1.4136934
-7.130899
-.43872261
0
.16092968
.48285198
1.1124058
.89381742
.28185081
.26236439
.18924189
-1.4663372
0
.037740707
0
1.1856236
-.40546513
-.18232155
.29423952
.21652794
-8.5171928
-.15718555
.5428648
.067440987
-5.0106354
.35222006
0
-2.6026897
-8.1167154
-.023257256
6.2146082
7.5755849

.62168837
7.9373746
.20479441
-.29298782
5.2983174
.71398163
-1.7540188
-.34574604
-.97455931
0
.096626282
.60133934
-7.495542
-2.1202631
-.43995142
-.39465427
0
-7.5755849
.11778307
7.1701198
-.91629076
-.44507408
-7.9550743
-.2411623
-2.5649495
-.75484085
-9.1049795
.074107647
8.7160444
-7.0475173
0
.71256495
.32850361
.5831461
-.1144104
.13133621
.25131416
.81503725
.71562004
-.40546513
.1144104
0
0
-.15415049
.34740162
.66268826
.4274435
-.28768206
.41870975
0
0
-.035717964
-.45953226
6.3969297
6.1092477
.5389967
-.029414177
.79850721
0
0
1.0704412
-8.1605186
8.2427559
.32850409
-7.972466
0
.5679841
0
.81831026
-.10763073
.12136173
.25782871
-.13353157
1.0826116
.1752038
1.8672667
.4321332
.74444056
.15201664
-.18232155
.86499739
.22314358
-.045462608
.67321301
-.18232155
-1.94591
.60613585
.40546513
0
-7.495542
-7.0900769
1.0799203
-7.5755849
.040822029
-7.0900769
.12783337
.47351837
-8.2687321
-7.2442274
-.94907999
.20763922
.24294615
0
.26028299
1.7917595
-.05715847
.29511642
1.0185695
.19782639
-.15963078
.69314718
-1.0846257
2.6026897
0
-.62860918
8.2940493
.61090946
0
1.2205024
-8.974618
-.050010204
.032789707
-.1033783
-6.6200733
1.2192397
1.4954934
.32721281
.98941278
-.11778307
.062520981
-2.285778
-5.0106354
.028171062
-.30110502
-.21551895
-1.0986123
-.087011337
.13613224
-.080042839
0
1.9042373
-.054066658
.020202637
.91629076
0
.72886467
-8.1886892
0
.667171
-.91629076
-.30672979
0
-.3536396
-.11247826
.54232502
-.1743536
.05715847
-.42899561
-1.0986123
1.3545456
0
.89381742
0
0
.49401855
.040822029
-7.5755849
.49824715
.67116833
.50509453
7.467371
-7.5755849
-.017094612
.44183302
.050010204
.19237137
-7.9550743
.961411
.20067072
-7.6009026
-.6306262
0
-.064538479
-2.051271
-.15415049
.13911247
0
0
.11778307
-5.9914646
-.31471062

0
-.83034849
.12516308
-7.9895606
1.1815
2.0368814
-.71465349
.058495522
2.6149597
-6.8023949
.87855005
-3.091042
-.13005304
.19415617
.02298975
-.10536003
-8.2687321
0
-.5389967
-.13353157
.18232155
.69314671
.90672112
.52452421
.9909811
.71024179
.028573036
-8.0709057
4.6051702
4.2341061
.085157871
-8.2558289
.53408241
.14841986
.12136078
-7.7186856
-.47957277
-7.4085307
.45830727
6.9565454
.33349228
-7.9010072
.22314358
9.449357
2.1453991
0
-.2762537
.15415049
-8.0063677
-.32277346
-1.2527628
.046520233
-.25131464
-.34484005
.027399063
2.4849067
-.18721151
0
-7.7832241
.64050341
-8.4553175
.28768206
-.10536051
0
.17127132
.64435673
-2.7080503
0
-1.1878428
.75141573
0
.11332893
0
-7.9193563
-8.7160444
0
.41551495

.50310326
.74357843
-7.8632669
-.090970993
-.10318422
-.32542229
-.029852867
-8.2940493
-.099529266
-2.3025851
-.43286419
.11551285
.095310211
.25534725
-.76214027
-.28768206
-7.5755849
1.4939246
.54191589
-.80562496
-.13883686
.46661949
-.18232155
-.15082312
-.69314718
.060624599
-1.4663372
-.16907644
1.2992826
-1.7917595
0
0
.6628418
-7.4085307
-.046520233
.77319002
0
.69314766
2.4849067
0
-7.972466
1.0033021
.25319529
.11122608
0
1.4152818
-.54361486
2.5902672
-.090971947
.91393471
.85077572
.22314358
0
.31268311
-1.8718023
-.040005207
-.69314671
.3659339
.44558525
-.32542229
-.41689348
.9932518
.28768158
0
.083381653
-.056089401
-7.6009026
-.3468709
-1.2039728
.28768206
1.3726888
.21029568
.26826382
-.49247646
0
7.5229411
.61903906
.1718502
-1.3437347
0
-7.9550743
1.1320601
.42488289
.76725531
-7.9550743
.60005617
-7.7406645
1.0245047
.44558525
0
-1.0062385
.52501011
1.6789641
0
-7.3460102
.27087498
-.38677263
-8.4553175
8.2687321
-1.767662
0
.2170639
-.20763874
-7.377759
0
-.85221195
0
-2.1594844
-8.6125031
-1.2321439
1.5040774
8.5754623
-8.0709057
-.28030205
-7.6496925
.66415882
-.78845739
-7.6496925
-.98082924
.13554573
-5.9914646
0
.32850361
.65677977
0
-6.3099184
-.70774555
.65287399
-.14310074
-7.8438487
.40546513
.16462231
.35503387
-.24846172
.91250992
0
.14841986
1.1526794
-.03278923
-.78125477
-1.3217559
0
8.3663702
0
-3.1986732
-8.3779316
-.64600086
-.15415096
.96825027
0
1.3307242
-.17627907
.066691399
.51546621
-1.0147305
0
-1.1499057
.326684
.55961561
-.48991871
.11332846
3.9120231
.28768206
-.75768518
0
0
.81574917
-.45953226
.28768206
1.3723083
.17824841
-.49247646
1.2396903
1.3322268
0
0
-.068993092
.43363571
-.016807079
.61618567
-.20359898
-.11778307
.31365776
.54856586
-.27369547
.22314358
-.69314718
.32423973
0
.55594635
.36646271
.94692755
.17768097
-1.3862944
-.17768097
0
8.9996195
-8.2427559
0
.041672707
-2.9704146
-2.8213792
-1.4522524
.58617496
.27241421
0
8.3893595
-.2926693
-.4626236
.083381653
0
.43825483
.058840275
.085157871
.072758675
.45724106
1.4759064
0
.20067072
.23713017
-.75768566
0
-.13580227
.81093025
.37288952
.69314718
0
.15201664
2.1747513
-2.3978953
.081678391
.48954868
-.69314718
-7.7832241
-7.972466
-5.0106354
.02857399
7.5755849
-7.972466
-.69314718
.124053
.88319063
-8.4763708
.20067072
0
-7.5755849
-.10536051
1.0006318
-7.9010072
.70657015
-6.8023949
1.152679
.095310211
.53714275
-3.5263605
0
-6.9077554
-.97344923
.19237137
-.026317596
.47957277
.78609371
-.5996213
-5.7037826
-6.9565454
-.47328854
-.35139799
.29924297
0
-8.1315308
0
0
.39147854
.61903906
-1.6977305
.34228611
.5389967
