ch_last_tot_tl_treat
8.2427559
.33436966
.36974716
.13353157
.077960968
0
-7.2793188
-1.4916549
-.45198536
.48117685
0
.64185429
-7.1701198
-.42744398
-1.4615178
-7.7186856
0
-7.6778636
-.074107647
-.072320461
8.6305218
-.012903214
.8638835
-7.6496925
5.7037826
.73966694
-1.1676054
-.84308767
-.69314718
-.18721104
.81944084
-.78015804
-7.5755849
.01941824
1.2431931
-2.7080498
-8.1747026
-4.6051702
0
-8.2940493

-3.3202286
-8.802372
0
0
-5.7037826
2.6912432
.44628716
.96281099
.84729767
2.1972246
-2.6447554
-.51082516
-.14660358
.8938179
.27958488
-.084083557
-1.0014482
1.0904493
.32542229
0
.24846077
.14715767
0
-1.3470736
0
-8.8748674
-.51082563
.14518261
.77010775
-6.2146082
.1865859
-1.2286654
-.77770472
-2.048614
-8.648221
-.78411913
-1.2603531
-.012361526
2.3184581
-.23638821
.33647251
.65805578
-6.7202201
.042559624
-6.6200733
-8.0063677
-.21985912
-.14988279
-.54853392
0
-.21217442
.064538479
-1.0986123
8.6995144
-.7310853
.32471704
8.3663702
-.098439693
.42985678
-.099090576
.37156343
3.1640673
-2.9177709
.22314358
.074108124
-8.0712185
-1.5869651
-.38299227
.62117338
-.83479786
-6.5510802
-.66647911
1.622683
.10536098
-.31237411
-.1477809
-.04959631
-.20182085
.099372864
0
.34294415
2.7343674
.17034531
8.3187418
0
0
-1.0704417
-6.9565454
.69314671
.22314358
-5.0106354
.050440788
0
.25951099
.39960003
-4.6051702
-.23767185
0
-1.3862944
.52884388
.53797626
.15762901
6.856462
0
.90570831
-8.3064718
-.3677249
1.0467868
.048789978
.83832932
-.74763536
0
.13661337
-.92272186
-3.1918473
-1.2039728
-.67743635
.21936226
0
-.25928211
.34228611
.30448866
0
-8.1605186
-6.2146082
-.63908005
-1.3083329
-.10536003
.43872261
-5.7037826
-7.9010072
1.152679
-7.5755849
-5.0106354
.028987885
-.15123081
.25704527
1.4748478
-7.5755849
.30830097
-.22314358
1.1065178
-1.2155337
7.6496925
.074108124
.21730137
0
.20585203
1.0198317
-5.7037826
2.2545948
0
-.0022478104
.19638872
0
.35454559
0
-1.7843242
.49727249
.12062788
0
.15415096
.45953226
-7.7406645
-.020619392
-.064538956
-.081345081
.65677977
-.98082924
.55206871
-.51082563
-.20945024
-1.2212148
.047791004
-.57380009
-2.5902672
.28768206
-6.3969297
-.033336639
-.440557
.28768206
0
.40546513
.44731236
-.19189072
-.083889961
-1.4321036
.53551769
.18975639
.47743893
-5.7037826
-.098939896
.79633141
-1.3862944
.45953178
-7.5755849
-.39086628
.50704479
-.10919952
.3677249
.55565262
-2.2697954
.043962479
.45953226
-.047628403
0
-7.9010072
1.4190841
-.021142006
-.58192158
.080042839
0
-.69314671
-.078251839
-7.5755849
-.31585217
-.15154934
-1.6625476
-6.3969297
8.6125031
0
.33986807
.13353157
.09015131
.048790932
.19189167
-1.5314765
0
-.060908318
.141078
0
.12062788
.89381742
.64934444
-6.6200733
.60838175
8.1886892
-.69314718
8.8956299
1.8718023
3.9120231
-.66647911
-.65924597

.64662743
-.95977545
.045669556
.38711548
0
-8.3187418
.39979887
.3968811
0
.41522121
.47378445
.25378036
.63052893
-8.4228821
3.1354938
-7.8438487
-7.6255951
-.068993092
-.084993362
-.62252903
0
-.33213329
.31237411
.22739029
-1.5276852
.60871887
-1.7462969
-2.1202636
.32158375
-.22853374
-.37469339
0
-7.4383836
-7.0900769
.5225215
-.044451714
-.37948942
1.1901798
-1.8718023
.36909676
-1.0245047
-3.5339785
1.63519
.043484688
.090150833
-2.3978953
-.075745583
0
-7.3132205
-.28768206
8.4006596
-.21309376
7.673223
2.4277482
-.028171062
.16332531
-7.7832241
-.55762053
-2.6508918
-.011404991
-1.1676054
-7.4843688
-8.4969902
.15684223
-.33085394
-.40546513
0
.10354137
.21772289
-3.0652585
-1.6739764
-.16705418
.40546513
0
0
-.57981873
.99119186
-7.0900769
.14310074
.18721104
1.1349797
-.011844158
.17760563
-.062912941
.93155813
-.080042839
7.7702231
-6.3664703
-.20763874
-.28090239
-.93282032
-6.6846118
-.59783697
.043485165
.64662743
.69314718
0
1.1349802
.4054656
.5389967
1.4853854
-1.1856236
-.024692535
-8.5564137
-.054067135
.55004597
.38677311
-.11332846
.590868
0
-.76787043
-.5725193
.043803215
.66329432
-.22314358
.51082563
.3063736
.51082516
-7.9895606
-4.2121272
-.050010204
.090754032
-.58778667
-.33647251
.05715847
1.0895619
.021531582
-1.7292385
8.648221
-7.6009026
.77908945
-8.2160883
-.25131464
.65742874
8.3546743
-.81676102
1.0414538
-7.5626812
.16907644
-.014609337
-.87546873
-.075223923
.32047176
.18540335
-.040409088
-7.9373746
0
-.022223473
-2.2110176
.16362906
.79850721
0
.15884972
-.27958488
0
-.048595428
-1.3137236
-.98082924
-.37469292
-1.1567197
-.85566616
5.7037826
-1.241713
.50593567
-.13613224
.33769226
.16507959
.34830666
-.81883574
.26841545
-5.521461
0
0
-7.9550743
-.053071976
.26236439
-2.2801118
-.86404037
0
0
0
-.6960001
.39147854
.56309414
.054067135
.74721432
0
.16430283
0
.72300005
.31585217
0
-1.5303946
-.32721281
-.41522121
.22314358
-.11778307
1.3039279
-1.0513597
-.21197033
-.80504608
0
-.81676102
.74274397
-.12516308
7.9010072
-.21130896
-7.5755849
.095310211
0
-.23841095
.69314718
-.058410645
-.27763176
-.14107847
.90078592
-.054067135
.55961609
0
.22314358
.20890141
-5.521461
.42933273
0
-.0011425018
-1.2527628
-1.4816041
-.068993092
-.8337779
.11191845
0
.81377459
.3698225
1.6933193
.027399063
.0022935867
.40546513
.16149616
.13814974
-.49036407
-.35065651
-.38299179
-8.922658
.32158327
0
0
6.2146082
-6.6846118
-.23180151
-.77388859
.16092968
.32840395
-.58778667
-2.8134103
-7.7832241
.57661343
.60613537
.80792236
-5.7037826
.17848206
2.0541239
-.98082876
.26013279
.57848454
0
.17261219
-8.5754623
5.7037826
8.1605186
-.1718502
-.6171608
-.040005207
.41397572
.63062668
-.16989899
.037740231
2.3513751
.22314358
-.11332893
-4.6051702
.79777241
0
1.8281269
-.33647203
-.3677249
-.58159447
-7.5943813
0
.67015743
.089947701
.42285728
-.048790932
-2.3978953
.016000748
.10109615
0
-7.5626812
.031748772
-.095310211
8.0709057
7.8438487
-2.4849062
.37156391
-.59783697
-.34405661
-2.8729367
.38027477
0
0
.095310211
-.53739262
0
0
.16833496
2.2437444
8.2940493
.82319975
.44347858
-5.2983174
.71912289
-7.9010072
-5.0106354
.092373848
0
.054807663
.44393158
.16362953
.077385902
1.2685113
-.56230736
.022830009
-.31015491
-.043485165
.56371498
.068053246
-.98420191
0
-.82320023
7.495542
-7.6009026
-.18232155
.46488857
-.40928841
.10916138
1.9924302
.018692493
0
1.0369182
-.81989908
.022473335
-7.8823147
-.4372139
-.1910553
.41253185
-1.0986123
0
3.0910425
0
.21936226
.1718502
-.30010462
-1.2669473
0
-.072836876
-.62757587
0
5.2983174
.3629055
-8.7323046
.16126823
-.30092716
8.1016779
-1.1130013
-.1142683
-.28768206
-7.5755849
-7.3011479
1.1716437
-7.4383836
-.69314766
.25131416
-.71149635
3.1135154
.31666994
-.29626608
0
-.42241478
-.17645645
-1.5353303
.21511078
.32918119
-.69314718
-.11122561
.9664402
.089195728
-.56976843
-.074108124
-1.0836864
-7.4085307
-6.5510802
-.844697
.91629028
-1.4861398
-8.0709057
-.099090576
0
-7.9550743
.93047523
1.0608716
.80039263
.13580132
-7.5973964
-.02150631
-1.5040774
-.48954773
.12014389
.63598871
.43078279
-.58394766
.048139572
-.60613585
-.8001194
.57054424
-.27996063
.49469662
-7.5632005
.45953178
7.7406645
1.1786551
-.3629055
-5.7037826
-.79626369
0
0
.40546513
0
-.10536003
-.24512243
-1.1631508
-1.1676054
-1.9042377
-.21511173
.50209141
-.22314405
.18232155
1.1526794
.18783665
.58653736
0
0
.38677263
0
-.21292162
.57536364
0
-.087011337
.10178232
-.022472858
0
.25733471

-.23180199
-7.5755849
.39641476
-1.4663372
-.45198441
1.0414538
.50656128
-.073203087
4.6443906
-.010000229
-1.0870514
.54361486
.03278923
.40546513
.015267372
.051735401
-.94827366
.78845692
-.39390421
-2.0794415
1.446919
1.3862944
-.16551399
.79850721
-1.4759064
.64551878
.1267519
-1.1856236
-.67688751
-8.1886892
-7.0457764
.638659
.25131464
.40546513
.095310211
.73396921
-.60613585
-8.4338112
.4700036
-.41689348
.60025406
.14424992
.015503883
-.014689445
-.16332531
-.17588997
.66845512
-.064538479
-.32768726
0
1.1073465
-.20067072
-.29849243
.0089683533
-.71512556
-.040822029
8.2427559
.21622324
-.017699718
-.27698612
-7.9054418
-7.7832241
.54232407
-.32132053
-1.6094379
.55961561
0
.26236439
0
.78104782
2.7080503
.25880718
-7.4383836
.099372864
-7.8240461
.017116547
1.2163954
.46813583
1.3581238
-.3677249
-5.521461
.25886154
0
-7.2442274
0
.30339146
.50656128
-6.8023949
.087011337
.220788
8.8956299
-6.9077554
0
.40123653
.43762207
.17435265
.36032867
.44715548
-7.9010072
0
-3.6506586
.52053452
.34687138
-1.5404449
.19574451
0
-.31613731
.19004345
.64869499
.29804516
.15015221
0
-2.5389733
.50774384
-.16108322
-8.6656132
0
.74721384
-.54668093
-1.1448016

-.22314358
0
-.86499691
.39465427
-.12783337
-.188591
0
-.61903954
-.51082563
0
-1.0379877
1.8170772
.029852867
2.7210369
-.058269024
7.8632669
-7.6962128
.53221703
0
0
0
-.38299179
0
-.2787137
-1.2376108
8.3663702
.23361492
.0014295578
1.1358347
-.025317192
.052643776

0
-.12260246
.2436223
7.6496925
.37156391
.072638988
.30924606
.52252197
0
-.69314718
-.077960968
.19574451

.27283573
-.41551542
.062520027
-.21622324
-.32208347
.4372139
.28338957
-8.1391487
0
1.0635214
.49479866
-.90445662
2.5520463
.21772289
-2.2643642
.74444056
0
-.84729767
.97798443
.7859292
0
0
1.1071229
-.052643776
-.43855095
-.97186089
.67661762
-2.5360746
-6.9565454
.31986046
0
1.1192322
.55372715
-7.5755849
1.9924297
0
-7.495542
-.63908005
-.2188797
-.0008893013
-3.0445223
.40546513
-.18232155
.16004467
.39304209
1.7047477
-5.2983174
-.36662483
-.69314718
-8.9996195
-2.2772675
-.028170586
0
0
-3.0910425
0
-1.7129784
0
0
2.0646262
.3617897
3.0445223
.80833435
-6.6200733
.34687138
-7.972466
-8.5171928
-.76214027
.93155813
1.0348959
-.78694105
-1.2809339
-.09015131
0
0
.93609333
-1.3862944
1.076139
.22314358
-1.8523841
2.2772675
.90190172
.56531334
.55594587
0

-.30748463
-7.4085307
-.89097309
-1.0986123
-.31585217
7.7406645
-.3093214
-.80562544
-1.398129
1.6945953
.13005304
-2.0014801
.35815477
-.11778307
-.62252951
0
0
.98082876
-.83502865
-.49062252
1.9218121
0
-.28560829
0
-7.495542
-.13353157
1.3862939
-7.972466
0
-1.3862944
.65764093
.30421162
0
-6.5510802
-.16093063
.38414288
-.0098524094
0
.018634319
.47803593
-8.0063677

.54796505
-3.3900242
-1.5040774
1.0414538
.92020464
1.7405906
.8373971
0
-6.5510802
-.04609108
.11211681
-1.3116736
0
1.0663519
-8.648221
.040492058
-1.1657519
-.38950539
0
-5.7037826
.83624744
.097163677
1.4170661
.47000313
.10318422
-6.6846118
.048789978
-.044451714
-8.1735754
-.69314718
-.75686264
.32208347
-.88238907
-.40546513
.69314718
.98082924
.33314466
0
.058840752
-.3117795
.051293373
0
-1.2376494
.11155224
0
1.1100411
-8.1167154
-7.495542
-7.9550743
.37948942
0
-.69314718
7.9010072
.72593689
-7.495542
-8.4338112
-.61903954
-7.8632669
0
4.0073328
0
8.2687321
-8.8887568
0
0
-8.0063677
-7.3132205
1.0169339
-.63598824
-5.0106354
-.56531382
-2.6361961
-.4700036
.81574917
-8.0063677
-7.9895606
0
-7.972466
-1.0531497
1.1741195
.51466465
0
-.37647724
-2.4849067
-6.9565454
.30118179
.52735519
-1.0904307
.28768206
-8.1016779
-7.7186856
.12014389
-8.1167154
-7.5755849
.34345531
.38395882
-.86750078
-.14196968
-.30228043
.037386894
.54446411
.48884678
.25136805
-5.521461
-7.4383836
.35667515
-.031689644
-1.1526794
-4.6051702
0
.4663744
0
.43363619
.35065651
5.857933
0
.03704071
.034631729
0
.013986588
0
-.62117338
-.39685678
.32542229
.71846437
-1.3862944
-1.2809339
0
.019047737
-7.5229411
0
.34740162
.26626778
.21425438
.34130335
-.28768158
-.70588636
-.14197016
-.73088741
.31845379
-1.2262235
-.30966091
-.07776165
-6.5510802
.48729515
-.48884678
.45742512
.41042805
0
.25782919
-.62396622
-.84371948
.12878132
-.16507912
-5.2983174
.34294462
.30538177
.014815331
-.65232515
-1.0116014
-.066690445
-.27801991
-5.0106354
.20479393
.084557533
-.30075455
-8.553525
.15415049
-7.20786
0
-1.0986123
-1.2039728
-.87546873
-7.495542
-.01503849
.76590633
0
8.5369959
0
-.490623
-.16989851
0
-.14994049
1.791759
.09763813
-.59086895
8.2160883
.1910553
-1.1526794
-7.8038435
-.80647564
-.27403021
-2.1972246
0
.40546513
-.31435394
.49817467
.093975067
-.27443695
-7.1701198
.97528887
.56278515
-.26826382
7.0900769
-1.3668761
.19415617
0
0
1.0266385
0
.51082563
8.1747026
0
-.32975388
.56418514
-.10536051
-8.0940733
-.066571236
-.38946438
-1.5612354
.39570904
-8.5171928
0
0
0
0
-7.6009026
.56798363
1.1147413
0
-.6286087
.13166332
.23795795
.3617897
-7.0030656
-.10681343
.60613537
-.40546513
-.91629076
-.66035748
9.3325577
0
0
.48954868
-1.3758225
.16406822
-8.6305218
.19530821
-1.5040774
-.77319002
-.054808617
8.8246775
-.37204933
.63757706
.84729815
0
-.6805687
.11134291
.26659918
-6.6908422
-7.495542
-.077385902
.31845379
.074108124
-6.5510802
.18232155
.36396599
-.1144104
-.17958546
1.8346848
0
-.014389038
.62168837
.16989851
-.64662695
-.51082563
.39938641
.21998692
0
.21570873
-7.935945
-.46052551
1.9042377
0
7.377759
-.22957468
-6.5072775
.71912289
-.90445614
-7.7832241
-2.8402476
-.2762537
.51546574
.6258955
.62205076
.21416378
.39390469
.16536903
-1.1858087
.37578964
-5.9914646
-.076960564
.21985912
-.44183254
.32918167
0
.19320393
-7.5496092
.17435265
-3.871201
-1.0986123
0
.11300516
-.26872683
.033522606
1.5755363
-7.2442274
.23767185
-7.7621708
.50077534
-.33947563
7.1701198
.20763922
-.73396921
-.65802813
-.30399609
-.54232407
1.7624626
.38677311
0
-.16251898
.50339127
-7.495542
-1.2039728
.27193356
.41091442
-.82098007
-7.4145727
-3.583519
3.2958364
.21772289
.62082672
-7.3264656
-1.0033021
-.11778307
.080042839
-6.1092477
.71084642
-7.5496092
-1.2396908
1.513237
.23638868
1.116004
.81837606
5.521461
-7.0732698
-.087011337
-2.8903718
.71512556
-.7299614
0
-.19574451
-.28768206
.43936682
-.11778307
0
0
0
.22906685
.70694065
.69314671
1.1526794
-.40546513
0
-.70865154
-8.330864
-.17366314
-.24512243
0
.058840275
0
-.31735706
1.3339262
0
-8.2427559
.044451714
-.15684223
.085359573
0
-.074107647
.29924297
-1.2584605
-.38046408
-.5389967
-.05505991
.0067696571
.33978319
.55244732
-8.2814713
1.3217559
.47000313
-1.8325815
-.90445614

.6286087
0
-6.3969297
-8.3893595
.36693096
0
-.39936447
0
0
-.20067072
-1.94591
-7.5755849
0
-.47000313
.37578964
-.12260246
.70419645
-7.7621708
.28768206
-.30368328
-1.2577505
-1.8458261
.55961561
-.078908443
.40546513
1.1124058
.79395199
-.1267519
0
.69314671
.94738102
-7.9010072
.22825813
-6.3969297
.46644402
0
.40889549
-2.8644838
-1.2039728
-.044451714
0
.040822029
-.80709171
-7.4085307
0
-8.1605186
1.3291359
0
.51082563
-8.6033707
-.15514469
-.48314238
-.69314671
.53164673
0
-.01065731
0
-1.5379791
2.1812243
-.27193451
-8.0709057
.013606071
-.1865859
0
.013072968
-.63410473
-.37469387
.10788822
-.030772209
-.42488289
-8.206584
-.22314358
-6.9077554
-1.1314015
.20409489
.69314718
-.95197916
-.10354042
-9.1160297
1.727221
-.20391178
.5389967
-.048288822
-.34484053
3.9120231
-.87745094
.45198536
.33647251
0
-.25344849
.17261219
.40546513
.40546513
-.57661343
.10354137
-.20763922
.60613585
-6.7452364
0
-1.1118574
-.5762825
0
-.35667467
.34778595
.8724885
-7.4085307
.70675278
-.064219475
-1.3862944
0
-.22884083
1.0939064
.69314718
.39465427
.055688858
.16251898
-.29479885
0
-.054993629
.38299227
-2.7080503
-1.1249299
.4149437
-.57536411
.036128044
.11477566
0
-8.0063677
.56639576
-.49516487
-.82098055
1.152679
-.78275967
-1.2878542
.89381742
.8728056
-.94446182
-.67372894
0
-.21130943
-2.7080503
0
.46081543
.23361492
6.9077554
.90524101
.093818665
-6.6846118
-1.0296192
1.0704412
.4418335
5.0106354
.43531799
-1.8028088
-8.6656132
.79580069
.67833233
-8.4553175
-7.0900769
.71667767
0
-7.189168
.28768206
.45020056
.43825483
-.23784924
-.16907644
-1.1378331
7.6962128
-5.7037826
-.87082815
-.33197212
.26236439
.18232155
.55739594
-1.9810019
.15415001
-.81838799
-.46181774
.19912815
1.1093073
6.1092477
.20322895
-7.9193563
-7.5755849
.79078531
-2.6026897
.34228611
0
-1.2150221
.60976505
-8.6215534
.072495461
-.87546873
-.089612007
.65677977
-7.9010072
0
.54361486
-.090971947
.93155766
.87546825
-6.5510802
8.5171928
-3.9120231
0
-.11122513
.022222519
-7.6496925
8.9871969
0
-.074107647
0
-.19415617
0
-2.586689
.09763813
.59550905
.13353157
-7.415175
1.3173013
.38234663
.54113102
.28768206
0
.065597057
.24014091
-7.5229411
.51082611
.052186012
.55961609
.056089401
-.28462887
-1.4008932
-1.4916549
0
.036367416
-8.8392763
-.22631264
-.40546513
-1.0986123
5.2983174
.54232407
-.95044994
-1.5686159
.057987213
0
-.078780174
-.4626236
-.59019947
0
0
-.66569042
1.1118569
-1.011601
-.34174919
.67351103
-.025211334
-.25131464
-.36044121
.05505991
-2.2772675
.18232155
-1.7316556
-.60294867
.052548409
.12783337
-1.067924
-.019418716
-.086074829
.2458353
-8.5369959
-.071973801
1.4299941
-.27698612
-.17887878
6.3099184
-1.0704412
-7.8240461
.23361492
.087011337
-.061693192
.14884567
0
0
.56476593
.11778307
-2.0541239
-1.4213858
1.3974676
.054067612
-8.1461296
-.036105156
.74721432
-7.8438487
0
-7.467371
.67405701
8.3187418
0
.63598871
0
-8.1605186
-.28090191
7.495542
-8.0391569
-.97951221
-2.1594844
0
.21622324
.19290352
-.43696404
-6.3969297
.26469231
-.0098304749
-.4700036
.71465302
0
-.17946339
-7.5755849
-.22825813
-8.688117
-.14310074
-7.0900769
.13839531
-.24116182
-.74077511
0
-.77092457
-.65924549
-.15415001
.050010204
-7.7621708
-.97455978
-1.6094379
8.7323046
-.060625076
-.24000072
-.39551449
-.12783337
.85677671
-7.4085307
.50483799
-8.7078133
.060625076
-2.233592
-6.3969297
-6.2146082
.95551157
-1.734601
-1.2490926
-.16599369
-.11477566
-.40989971
-1.0986123
-7.4085307
.35139847
-.45547581
-1.2342782
.89948368
.16907644
-.81831026
.092373848
-.026432991
.33314514
.30845165
-7.9010072
-.08288765
.4238143
-.15625
.70588636
-7.4383836
-.45041609
1.5141277
1.314321
.76571846
0
-.15415049
0
-3.2958364
7.2442274
0
0
1.8031511
-3.1612468
.12136078
-.74721432
-.4700036
1.4663372
.15082264
-.03208828
.54038429
.30272007
-.13353109
-8.5393457
-.7949295
0
-.75030565
.3617897
-.4700036
0
1.1100407
-8.0063677
1.6168175
-6.7452364
.7081852
1.1213403
.20661354
7.6009026
0
0
.063179016
-8.0551577
.33885002
1.1534891
.66139793
-.64662695
0
.19415617
-1.6964493
-2.6485362
.36000252
.17846775
-.51082563
0
-7.495542
.23262215
1.0296192
.21217442
-1.5686159
-.044451714
0
-.15415049
-8.0551577
-8.7795572
.31845379
-.25552464
.47229195
8.1016779
-7.495542
-7.7186856
-2.3513756
-.84729767
.045295715
.33400583
.064038277
1.011601
.068993092
.22314358
0
-.015504837
.17979336
-1.5040774
-7.495542
.23361492
.21808815
0
.40546513
-6.9565454
.26415157
-2.5649495
-.44701385
.31535339
-7.7832241
.90078592
.42985678
.3706789
.76865435
0
-.96508121
.061502457
-7.9373746
-.6286087
-.69314671
0
-1.0556512
.7108469
.10536051
-.26236439
.12095261
0
-2.1972246
-.88730335
-3.1208949
-.096014977
-8.3779316
0
-6.2146082
-5.0106354
.20972061
.36366749
0
-1.1700711
0
.065139771
0
2.7080503
.37469339
0
.10008335
.10724545
.42845488
-7.377759
.24756145
.62183762
-.4539175
.32850409
-.83173323
.63114691
7.6009026
.15415049
0
.085157394
.12361383
0
-6.4769726
-.8274374
.88238955
.50209236
.40546513
.48342609
7.3132205
0
-.065958023
.055569649
.78733444
.20067024
-.19212151
5.0106354
-.27111673
-.69314718
-1.0014486
.026668549
-.092115402
-1.2452159
.16126823
-.224823
0
.021277428
-.86499691
0
-1.1349797
7.467371
.060624599
.03922081
.77407122
-.13353109
-.34830666
1.5040774
.67445469
0
-.022472858
.12861729
.84729767
-7.6962128
-.70694017
.054066658
-2.3513751
0
.087011337
-.3677249
-.28501892
0
7.4085307
-.025000572
.3843565
-.72391891
-.21962833
-.71465349
0
.090971947
-.43978977
.2411623
7.377759
-.16140938
0
0
-.91629076
-1.2992826
-.20359898
.62415409
-.11394405
-7.5755849
-.16705418
.44854832

8.3428402
-7.495542
.56129551
-.11673069
0
-.95551157
.3980298
.20294094
.64435673
.94446182
7.0030656
.28030205
-.23309422
6.1092477
.16296101
.358634
-.78845739
-.4131875
.53408241
.78015852
-.037509918
-1.0109944
-1.0275159
-.84156704
.46734047
-7.0900769
-8.0709057
0
-.19860268
.220788
8.8098631
-1.2039728
.080042839
.61310434
-2.3272772
-1.7197857
7.6962128
-.45547485

-.30228043
0
.22825861
2.169054
.29424
-.63598871
-.88238907

-.43363571
-8.0391569
.73966694
-.51082563
-1.5755363
-8.546752
.25131464
-1.4190841
-.50390482
-.15415049
.5306282
0
-7.9373746
-.53551769
0
.049596786
.55961561
.90825844
-.53551769
.30945635
-6.8362594
-8.3428402
.20585155
-5.7037826
.03278923
.072758675
-.41870975
0
-7.6496925
.21357346
0
1.1104469

.17930794
.59550858
.44349289
.5306282
-.59479046
-2.1848016
.40546513
-.18656445
-.11332893
.31845379
-.24116182
-.13206005
.045120239

-8.6995144
1.5040774
-.63908005
.29626608
.074107647
.51380634
-1.7657838
0
0
-.55701447
-7.130899
-1.49752
.4149437
-.38639545
-7.377759
.71465302
.96343756
.18924236
.86681032
.45319653
1.0360913
.088553429
3.3557348
0
.13157654
.59306335
-1.734601
-.081126213
.25593376
.099090576
.038465977
-.55004597
-.46103477
.017804623
-.35872746
.022727966
.045462608
-.11551285
0
.055569649
.24201202
.49020672
-8.4553175
.46427822
1.4916544
.24116182
-1.4136934
-.74193716
0
1.3217559
0
.10536003
.47957277
-.32950306
-7.4085307
-8.2295113
-1.94591
.21730137
1.0360913
-1.4522519
.012578011
.19004345
-.19671011
.79492998
-8.5171928
.26101398
-.51769829
-.43936682
-.38677263
-7.7832241
.40546513
-.44507408
.50423431
-.72300005
.095310211
-1.7805862
-.69314718
-.068071365
.25951147
.25642967
-.25489235
.059423447
-.1910553
.22677326
-.19933319
-7.0343881
.122015
-2.6026897
-7.9895606
.38776588
.098439693
-1.306251
1.3499269
-.42899561
.087011337
-.070617676
.37385941
-.47445822
-7.4085307
-.78275967
.74721432
.58493376
-.068319321
-.19836807
-2.0476928
.47283363
-.96940041
0
-7.5755849
-.21593189
0
.33763123
0
-.039740562
-.57536411
-.58716917
-.5389967
-.05715847
8.3187418
-.63598871

-.46536303
0
-1.3682761
-1.8445101
-.17062569
.6286087
-8.4338112
.083381653
.71149635
-.35667419
-.84539127
-.080042839
.29626608
7.6962128
-.72593689
-.78015852
-.3629055
0
-7.8823147
-3.0796142
8.2558289
-.93609333
-.05715847
0
1.1631508
-.28451252
.57536411
-1.6094379
-.13353109
-.44183254
.21226549
.5162158
-.16705418
-1.9924302
.17520428
-8.5564137
.41356277
-7.5755849
7.495542
1.0715837
-7.5755849
0
-.64185381
-.69314718
.69314671
-8.1016779
-.66782951
0
8.7483053
-2.0430741
-.18232155
8.0391569
-7.495542
.10536051
-1.5546293
.35667515
0
-7.8823147
-.26028299
.44468594
.98082876
-.57763481
.27698708
-.40546513
-.0051417351
0
-.55961561
-8.4969902
-.97035742
-1.0986123
-8.7795572
-.087011337
-1.94591
-.16907644
-.13102818
6.2146082
-.40546513
.090971947
.15415049
6.9565454
1.0986123
-.77319002
0
.36137009
0
-5.7037826
-.64185381
-.28090191
-1.4350843
0
.47889233
.062520027
0
.64802647
-.78552055
-.65924549
.20155334
.64662695
-.3768096
.49995613
-.01941824
-.22853374
5.0106354
.36000252
-7.495542
.51082516
-.18232155
0
-1.9344158
.31699657
-7.9010072
-1.0986123
.29479885
-.026566505
1.5926309
7.0030656
-3.4499874
.69314718
.13305044
-.14763594
.26469231
.80077744
-.45783329
1.0625534
0
-1.6956158
-.017699718
.47409344
.41689348
0
-.098439217
-.7375989
-.14763594
0
-7.9895606
-.21667194
-.58451319
.51987553
.17589092
.63342762
-7.972466
.47692394
-.32995701
-.70526886
-8.3428402
2.8332133
-.085157871
.48097229
0
8.1167154
-.048790932
