ch_last_tot_contr
.16989851
-.077558517
-7.8038435
8.6656132
2.3025846
-7.7832241
.29376125
9.6158056
.60613632
2.6246686
.99462271
.095310211
8.3663702
7.495542
0
.015748024
.0763731
.087011337
.34409666
.16251898
-1.3862944
1.1749854
.48954773
.28768206
.667171
.25131464
-.1865859
-.21440983
2.5455313
.028171062
-5.7037826
-7.495542
0
-.16833496
8.507143
-1.5404449
-.099090576
3.9889841
-7.5755849
0
.85137081
7.130899
4.6051702
-7.9895606

1.1669316
.25951147
-.37948895
9.4955196
8.4118328
-6.5510802
-2.5084372
-5.2983174
-.23457146
0
-.54654312
.05715847
0
.39938641
.41689348
0
.064538479
8.1315308
8.3187418
.3968811
.061875343
.3327055
1.3862944
.40546513
0
.10763073
-7.6496925
0
1.504077
1.2527628
1.5260563
.87546825
1.9061694
-6.3969297
-7.9550743
.26469231
1.3862939
.66443729
.60005617
.75768566
.34905052
-.81093025
.74721384
-.18026161
.54393482
.24946117
.70694065
.12516308
.3677249
8.3428402
.080042839
.81503725
0
0
.37578964
.22314358
-5.521461
1.1198893
8.0551577
.28768206
-6.1092477
.16251898
.57873631
6.6200733
-7.495542
.054067135
6.9077554
.21936226
0
.82667828
-1.0986123
.90078592
-7.7186856
1.3581233
0
0
-.98082924
.50822449
.1718502
0
-8.6125031
.046520233
1.2163954
8.7483053
.97013378
.45953178
-1.0986123
-.6286087
.40920353
.86222363
.32542229
.61903906
.23052359
6.9565454
-.77319002
-7.3460102
1.4039936
-.28286266
.94446182
1.8971195
0
-.068993092
2.4567361
1.7764916
3.5973125
1.0986123
0
-.25886154
1.0173864
-1.0986123
.25951147
-7.6496925
7.9550743
.51082563
4.6051702
-7.9010072
1.0498219
-.72213507
7.5496092
-7.9010072

.39086628
0
-.3677249
.79850721
0
-.48835278
-2.1972241
.21511078
-7.5496092
.05715847
1.94591
.49995613
.50077534
-7.4085307
-.064538479
.31365776
.48550797
-.25857353
7.4085307
-.40546513
8.3187418
-2.7300291
5.0106354
-.15233994
-3.2386785
-6.9565454
.05715847
0
.051293373
-7.5755849
-7.7832241
-5.0106354
0
1.3499269
7.9010072
-7.0900769
-.32947922
.67294407
0
-.037041664
7.7832241
-7.7832241
.23841095
-7.7186856
-.07302475
8.5941544
0
-.19415665
.11778307
1.2738161
0
.19845104
0
-7.5229411
-.046520233
.99325132
8.0391569
-1.3581233
6.2146082
-.31845379
0
5.8861041
-.37647772
1.1071229
0
1.3862939
0
-3.0602703
.29673195
7.8632669
.8247242
1.974081
-.99852896
.080042839
.14107847
-.099090576
-6.1092477
.11954498
.46052551
.35965538
-2.4849067
8.4969902
.96281052
-1.2729659
-1.1557708
.23361492
.51546621
.84729815
8.4867344
0
-6.6846118
0
6.5510802
.80755758
.52407026
1.6739764
0
8.0391569
-5.2983174
-7.9010072
7.2442274
-5.7037826
-5.7037826
.60613585
-.17062569
0
.84729815
0
-7.673223
-7.5755849
-.25131464
1.4271164
.1365757
0
-.13976192
.60613585
-.42608452
-5.857933
1.0775585
.77908945
3.0445228
-.021053314
-.042559624
8.4763708
-.67372894
-7.4085307
-7.7832241
.31845379
2.8743711
-.54796457
-5.0106354
.91629076
7.6962128
.50077534
0
0
0
.25131416
-8.7795572
7.4085307
-.16475582
.99325132
1.0726361
-5.9914646
1.8374815
-.34574604
-.1643033
.93155766
1.011601
.90286732
1.0414538
2.8332133
.61518574
1.2527633
1.5404449
-1.5841203
0
1.483933
2.5455313
.22314358
-6.9077554
4.4188409
-.050010204
0
-5.521461
-8.4658995
0
.45198536
-7.495542
3.4231763
1.0923033
.23841095
3.0445223
.76214027
0
.35139751
-7.7832241
.15415049
.86499691
-1.6094379
.47489309
0
1.6739759
-7.6496925
.3968811
.67875767
-1.4170661
-.075985909
-6.5510802
8.4118328
.49899149
.5074296
1.8718019
-5.7037826
.76725531
-.51879358
.51794338
3.6375856
-6.3969297
7.972466
1.94591
.67512846
.54113054
-1.5224266
2.0984898
-7.7186856
.93570852
-.28768206
6.1092477
.44183254
2.8183985
.48954773
-7.7186856
-1.3862944
-2.2246237
0
1.2809339
.59783697
7.9010072
-1.5621843
1.1921382
.38996029
0
-1.5040774
.051293373
4.6051702
.85221195
.097639084
-.40546513
.040273666
.19671011
-.71912289
-7.9550743
4.0604429
.087011337
1.2611308
.73396873
-5.9914646
0
6.9565454
.1082139
-.10536051
.81093025
4.174387
.57536411
.34719563
-.23638868
-1.4663372
.22314358
-7.20786
-.060624599
1.4271164
-.41689348
.5306282
.60459375
0
-1.5841203
-.29924297
-7.5496092
0
-7.6009026
-.63808727
.22314358
-7.2793188
.85478878
1.4053426
-7.8240461
7.8438487
-1.1986957
3.1354938
-.87546873
8.8678503
.15028191
.93676901
.15082264
.2063365
2.1400661
-1.2685108
-6.9565454
-.79850769
-7.9193563
1.5284686
-.27395248
-7.7832241
-.20763922
0
-.065597057
-.40546513
.38484573
-8.0551577
.070617676
.77319002
-7.972466
0

0
.39304209
-9.4955196
8.444622
.56639576
-.22825861
-.22314358
-.2436223
-.068993092
1.9924302
-7.9373746
-1.0159206
0
7.1701198
0
-.22314358
-2.1972246
4.4188404
.30672979
0
0
-7.7832241
-.35020256
-8.0709057
.60613537
2.1202631
-1.8325815
.30538177
.44183302
-.5725193
.68145084
7.2442274
.1144104
.59911776
-6.5510802
.92871284
.46357203
-2.2246237
-2.0368819
-2.3978953
0
0
-.5625267
-.27541208
-.38299227
-.11778307
.33647251
7.7186856
-1.2809339
.13353109
-.10919905
.19415617
-7.4383836
-.47849083
-7.0900769
-7.5755849
.96508074
-5.9914646
-8.0709057
7.6496925
.93546104
-7.9010072
-.064538479
-7.9373746
-.085522175
-7.8823147
8.3187418
-.87546873
-8.1016779
.15415001

.34830666
-.95941496
-8.1016779
-.59086847
9.560997
.087011337
-7.0900769
8.2814713
-5.7037826
.2762537
1.0116014
0
-7.8240461
-.40546513
-2.2512918
-.12062836
.89567089
.087011337
.3302412
.99039841
0
-5.7037826
9.2779989
.013986588
-7.3132205
-7.8438487
-.11778307
2.4709201
.21868896
.65981102
8.922658
-7.8632669
-.5996213
.45601702
.26826382
-.5725193
.67544746
-1.686399
1.816452
0
-5.7037826
-7.9010072
.55278969
1.2622418
1.0467868
.83832932
-7.0900769
-1.9771628
-.47473907
-7.3132205
.23483944
-7.8038435
-2.3513751
-.080042839
-.69314718
-.058840275
1.6885753
-.4372139
7.2793188
0
0
-.86499739
-7.7832241
-1.7917595
-.13353157
.15180588
-7.0030656
-.20763922
-.45198536
.72540855
-7.377759
-.10008335
-.035717964
-.6171608
-1.0459685
.42803955
.47692394
0
-8.1016779
.34830666

-.05715847
-.031748772
1.3555226
0
-2.6390572
3.1135154
8.1747026
1.3733907
-7.3132205
-.55628777
-2.8033605
-8.3893595
9.392662
-7.495542
1.1478829
-5.7037826
.50077534
2.5563655
.64662695
-.054067135
.88730335
-.4700036
1.8123784
8.2687321
-1.6094379
1.1889353
.080042839
7.20786
-.22314358
-.21401119
-8.1461296
0
8.6305218
0
0
5.857933
.07696104
.96758366
.41689396
.75377178
-7.5229411
-.98082924
-7.7832241
.62318802
2.3223877
-1.3862944
1.734601
-8.1016779
.80821609
.36396551
-1.6739764
.37298012
-2.2512918
2.5226469
-.47000313
-.05715847
-.028170586
-7.8632669
-2.5649495
.27193356
-8.0709057
.2063365
.4760828
.30368233
.91629076
-7.6962128
7.5755849
-.3677249
0
-.69314718
-1.0986123
0
1.2595429
-.016000748
.42121315
.57536411
.37806606
1.0296197
1.3990331
-2.4608088
.40546513
1.1567197
-8.7323046
2.9957318
.15233994
.42381382
-.71149635
.57731533
-7.6009026
.74871635
.656106
-.2411623
-.76725531
.77318954
-.19574451
.74721384
1.0258532
7.1701198
-4.6051702
-7.6255951
0
.20544434
-.98082924
0
1.1700711
.95977545
0
7.8632669
-.29376125
-.73966742
.79850769
0
1.2039723
-8.0551577
-.05715847
-8.1886892
-.5212965
6.9077554
0
.44183302
1.115562
-1.3217559
.35937405
-.64768505
.95097589
.38299227
-2.5257287
.85866165
0
-.22705698
-8.1016779
7.7406645
7.5496092
2.1594844
2.9957318
.64185381
.054067135
-7.495542
.083381653
.12062788
8.8956299
-1.307157
.3629055
.79424286

.1625185
-.51669073
-1.1895843
8.648221
0
-7.9010072
.18540335
1.6094379
-7.7186856
.83198357
-.087011337
.034486294
.14165115
-.095310211
1.4403615
-7.20786
.064538479
-7.3132205
3.2771444
0
-7.3132205
.44183302
8.9359035
7.6009026
-7.9550743
.64435673
0
8.2687321
-8.0063677
-7.6496925
.41397572
.73663187
8.4763708
.87082815
.46575689
1.2685113
-.018692493
1.6486588
1.0788093
-.63908005
-.58778667
1.2431931
.76497269
1.446919
.8938179
.16862249
8.1605186
.41804314
-5.7037826
.074107647
0
-7.7832241
.19506073
1.1478829
.37948942
8.5564137
.62509346
8.3779316
-.35139799
.84729767
-.11583138
0
0
8.1315308
1.0018826
.081345081
7.7832241
1.3418427
0
-.35894489
.080042839
7.9010072
-.49740267
-.16251898
8.1461296
-2.3978953
.82417488
.39979887
0
1.4271159
.60005617
.39147854
-1.2862105
-1.7917595
-7.0900769
.40546513
-.82667828
.11980152
1.3694873
-1.8458266
-6.8023949
-.28030205
.69314718

.65677929
0
-1.1856236
8.7160444
5.521461
2.1594844
6.3969297
-8.3187418
1.4541168
7.972466
.96402216
.46780777
-.98082924
.79850721
0
-1.0663514
.21130896
8.8246775
7.6962128
7.3132205
.095310211
-2.4849067
0
-.27541208
-4.6051702
-.55961561
-.28768206
0
.66237497
.25593281
0
1.1426721
-.1292119
.22705746
2.2512913
-2.4849067
.068993092
.47445822
1.2367625
-.52053452
-6.1092477
.87183857
-2.6625876
-1.1631508
-8.4118328
.064538479
.11122561
.80883217
.39730167
0
1.1404595
0
0
.05715847
-.15028191
-7.6496925
-7.4085307
-7.8632669
-4.6051702
1.0900283
-.087011337
0
-8.0063677
-7.972466
.60798931
-7.9010072
-.028171062
-5.521461
1.3437343
.013793945
-5.0106354
3.0122614
8.7948246
-.65330124
-2.3978953
-7.495542
1.3071566
-.09763813
-.38728237
.50147963
-1.4213858
-.11778307
.61099339
3.6971784
0
-.078781128
.28030205
1.4028239
.038220406
-.095310211
.3617897
.18232155
0
.68024397
.10008335
8.4118328
-1.9095426
1.3499269
1.299283
.60880566
.39768267
.96281052
-7.7832241
0
1.2110901
1.3274536
8.7160444
-.88035822
1.5198255
.3455019
-7.9550743
1.5404453
.45830774
1.6138721
.95753384
-.84342909
-5.7037826
7.7621708
.3980298
.13353157
.074107647
-7.467371
.10536051
1.5081844
8.0709057
.31845427
3.0680528
1.504077
1.2602539
-7.7406645
-.79112768
.18924189
7.5496092
.93570852
.44894981
-.49247646
2.6519604
-7.4085307
-3.9120231
-.98082924
4.6634388
-.42744398
-6.6846118
.054067135
.64185381
-7.20786
1.9895849
2.3191147
.064538479
0
1.3379765
-.28768206
1.6582279
.84729815
-8.3663702
.46536303
0
6.1092477
0

1.2339535
-7.0030656
2.7725883
-.20067072
.57536364
6.1092477
-.1743536
-2.7568402
.60077381
0
1.152679
-1.5040774
.60217571
-.064538002
8.5941544
0
-.91629076
1.998096
.51930046
-5.521461
-8.0063677

-7.5496092
.73396921
.42899561
-.21440983
.54796505
6.9077554
.44073296
-7.9550743
.11122561
0
-7.9010072
1.1478829
.060624599
-7.495542
5.2983174
3.0445228
-7.6962128
.60158062
1.791759
0
-1.241713
-.49740267
.26662874
.81093025
-.025975704
-.10821342
-7.495542
8.974618
-7.2793188
1.7047482
.43671799
.88238907
1.0986118
-.75030565
.72300005
.53280401
7.5755849
-1.3862944
1.0414534
.57920265
.58102989
0
.39086628
.69314671
3.4965076
.051293373
1.2611308
-.51082563
.69314718
1.7917595
8.4763708
-1.2321434
0
-.15415001
1.2966824
-7.495542
-8.5369959
6.6200733
7.7186856
-7.7832241
-.88730335
9.6927662
-8.1016779
-.28116703
-2.4129329
.1910553
-1.974081
-.48097277
.70967674
-7.4085307
.25951147
5.857933
-1.1601701
-5.857933
0
-2.2512918
0
6.5510802
1.5088964
.064538479
-.06155777
7.7832241
-2.6246686
0
.36935997
2.5455308
0
1.0414538
-7.495542
-.10318422
8.4228821
0
0
-.40546513
8.3187418
.43363619
2.4567361
-2.9704146
-.95551157
1.3676023
.76590633
.60858965
.90078592
8.4763708
2.8478117
.33647203
.61903906
.73663187
-.37267542
-7.673223
.12260246
-1.6179724
8.909235
0
-7.7832241
-.30010462
-2.2617631
.32721329
-.84218264
-7.9010072
-.080042839
.93826914
-7.495542
6.3099184
.27193356
.22314358
-.34174919
.090971947
-8.444622
1.1884685
5.521461
.20875454
-1.4939251
0
1.4916549
.55961609
-.65677977
6.1092477
1.974081
-.3646431
.9007864
-1.4663372
.62415457
-.62252903
.60738087
-4.6051702
1.2527628
2.7725887
0
-7.495542
-8.0391569
.28768206
-7.5755849
.75377178
0
0
.1160717
-.22314358
-.64185381
8.0063677
-3.5361166
0
0
-.087011337
-1.1451325
.46536303
-.57981873
4.70048
-.074107647
5.9914646
.068993092
1.2039728
8.5754623
.071458817
-5.521461
7.8438487
.74533319
8.2687321
0
.32850409
0
.3536396
.5725193
-1.2163954
-.36101341
.060624599
-.25131464
-1.9218125
1.1826954
-.28768206
1.1298647
-2.1000609
1.8870697
-7.495542
.2411623
-7.20786
0
-.080042839
1.1330986
-.1365757
-7.495542
.33647251
.78999662
-7.1701198
.39465427
1.8458266
.10919905
.38566256
-.95551157
1.1631508
-1.4853849
1.0296197
.4700036
.38136768
-8.6125031
-1.8607526
0
-.097163677
-.37469339
.39890718
6.1092477
-.1124773
-7.3132205
-2.8763852
-.05715847
1.0198317
8.0709057
-7.9010072
-8.3187418
-.63598871
1.3993669
1.9459105
0
-1.2039723
.10536051
4.2292643
.13814974
.093090534
.58778667
-1.2321439
-.6757555
.69314718
1.3737154
6.9565454
.18540335
.44183302
.1643033
.060625076
-.23922968
.8582263
.83885908
7.6496925
.56580734
-.85441542
0
-5.0106354
-8.8887568
-3.1354942
.1910553
5.7037826
.90825844
9.560997
-7.8823147
7.5755849
-.25131464
.39304209
.77614403
-.18232155
-.28768206
1.3862939
-8.1461296
.44183254
7.4085307
-.24116182
-8.1315308
-2.0149031
.79850721
.79031086
.40546513
-.35364008
-5.9914646
-.82667828
2.0281477
-2.6026897
-2.0149031
.6306262
.5306282
-6.8023949
-7.8038435
8.0063677
-.51987553
-.42121315
.64768457
-7.6009026
1.9878745
-.78495455
-1.2762933
1.2729654
.91629076
0
.13005304
8.2295113
-8.1886892
-7.9550743
-1.3083329
9.1590471
0
-1.5892353
-.13005304
7.7186856
1.7090683
-7.8438487
8.2687321
.22314358
-6.6846118
.67067385
-.088553429
8.7160444
-1.2809339
-1.974081
-.24116182
-.93081856
3.5835185
.19530821
.31508112
-7.9373746
.99039841
-.48884678
1.5040774
.080042839
8.9359035
-.11778307
.14310074
-.15123081
0
-7.7832241
-1.3581233
-2.4849067
2.5257287
1.6397433
.18232155
.71256495
-.14310074
-8.0391569
2.7343674
0
-.7108469
-7.7186856
-7.9010072
.060624599
-2.2246237
.47378445
-6.7452364
8.8818359
.72743607
.31015491
-.98082924
8.4553175
1.7047482
-7.9193563
0
.84729767
.66293335
-.07696104
.11778307
-.4626236
7.7186856

-.13720131

1.0586066
.064538479
.97344923
-.44183254
-7.7186856
8.4228821
-.20479441
.26510811
-.91629076
.56278563
1.4226618
1.306251
.71084642
-7.9550743
.81503725
1.1913939
-8.0391569
.042559624
.43428516
-7.3132205
2.5494452
2.8134103
-1.3862944
.27193356
-1.94591
7.6496925
.31845379
-2.0794415
.86020088
-1.3217559
.92198849
1.2559323
-7.7832241
-.58778667
.67372894
-.30538177
2.8903718
-2.7725887
-7.7186856
.35222006
-7.2442274
7.9373746
2.7080503
8.7160444
8.974618
6.8023949
8.5564137
0
0
-7.2442274
-1.2656665
-.48550797
-.33135748
.55961609
.26381493
.4883523
.089612961
-1.5404453
.12062788
-.53551817
8.1016779
-6.7452364
-.20763922
.52324772
.11778307
.25951147
.14660358
-7.9550743
-8.3428402
.4700036
0
-1.0159206
-.5877862
.024692535
.22652769
.24294615
-.60217571
-7.467371
.23808575
-.20763922
.16362906
-5.0106354
1.0531497
-.021053314
8.3064718
-.13720131
-6.5510802
0
.26415157
-.2926693
2.7233171
-1.1063342
8.5564137
.90286779
0
9.268609
.09844017
-7.495542
-2.1972246
0
.074107647
-8.330864
-1.5260563
.84729767
.5389967
-.43825436
0
-.59783697
0
7.495542
1.9993982
.18232155
7.6255951
2.1972246
-.18232155
.15415096
.9973588
-7.5755849
.12516308
.79223824
-7.7832241
7.3132205
3.3672957
1.0986128
.4567585
6.7452364
8.507143
.71420002
-.11122561
6.3969297
6.1092477
-7.3460102
-.062520981
-.52053452
0
.58946896
-.18721151
-7.0475173
.54430199
1.832581
0
1.299283
.22314358
.71846485
.65999508
.57536364
.11778307
8.7160444
3.8815637
.13133621
.93570852
-8.1315308
-3.9120231
.85745049
0
-3.4011974
-8.0391569
-1.2527628
.27625322
.67990208
2.0794411
.73759842
1.4231081
-1.1786551
-.021053314
-6.6846118
-7.8038435
1.2527633
2.4567356
0
1.0252805
-2.4849067
-6.8023949
-.98082924
.51082563
.4567585
-.10178232
-7.9010072
-7.6009026
1.7391152
-7.7406645
-7.9550743
-7.4383836
.37156391
-.37729406
1.446919
2.4079452
-6.6200733
.028170586
8.2940493
1.0033021
1.0874386
-.51082563
-.63908005
-7.5496092
0
1.0986118
-8.9159689
-2.5389738
1.6739764
-.41871023
-1.0826116
8.9996195
2.1400661
.44183302
.47445822
-7.7832241
1.0520926
-5.2983174
-7.495542
-6.6200733
-5.0106354
-6.5510802
.78845692
1.2527633
1.5869651
-.077960968
.22778416
0
9.0595179
.54191589
-.42608452
-.22957468
-2.5649495
-1.4069138
-7.3460102
1.2205024
.9007864
-1.9924302
.16551447
.33986807
8.7640533
-7.7186856
1.0549369
0
.69314718
1.011601
-1.8458266
-7.0900769
-6.6846118
4.0943441
1.4000878
-1.5533485
.39304256
.05715847
.023530483
.69314718
-.4700036
-1.6739764
-7.495542
-8.6995144
7.20786
.097163677
0
.18232155
-1.5198259
-.017391682
.058840275
-7.7406645
-.93609333
.23638868
.95783949
1.2321434
.12062788
-.95551157
-.19415617
2.1145329
-.30010462
-7.495542
1.2559323
-.58102989
.16034222
-.20479441
-7.0900769
-2.7725887
-7.5755849
-6.2146082
-.58778667
.47889233
.018018246
.24613333
-7.467371
-2.4849067
8.5941544
.3980298
.10763073
.25951147
-2.3025851
.75377178
.35364008
-.81831026
-.2702899
7.2442274

-.40546513
-.024097443
.23841095
8.8956299
1.1769443
1.3694873
7.7186856
-7.4085307
-.55961561
1.0541601
.11778307
.12861729
1.1786551
1.1048822
-8.3663702
-8.5271435
0
.71420002
8.3893595
3.3440385
-.5389967
1.0517812
.023530483
0
-1.5163474
.28768206
-.038465977
-4.6051702
.58778667
.13353157
1.9668536
-.87546873
.23638868
.060624599
.46357203
0
-2.442347
.23052311
.25131464
-6.9077554
-.39304209
-8.0063677
-.46608973
-.3980298
.54889774
0
.42285681
7.3132205
.77319002
.32542229
.55961609
1.3733907
2.1252508
.71512556
-8.6569548
.063179016
9.1484652
3.7727613
2.7725883
-.87546873
.53551769
-7.5755849
1.2396903
-.07696104
-.65392637
.89859104
-1.0691981
1.0033021
-7.3132205
8.2160883
0
.46430588
.64662695
-5.2983174
.53408241
-.1910553
1.1059918
0
.45198488
7.7186856
.69314718
.5725193
.94160795
-.98082924
.45953178
1.0296192
6.6846118
5.0106354
5.7037826
.94160795
.93155813
-.24613333
-.2411623
.93237638
0
0
.18924189
1.6422276
-.34228611
1.4000878
.77319002
.064538479
0
.40546513
.56531334
1.3603187
.090971947
0
5.0106354
8.5171928
.41551495
-.55499697
.62168837
-7.20786
-7.3460102
7.9550743
-5.9914646
-.34830666
-.26236439
-8.1016779
.961411
.60158062
7.8240461
.11247826
-1.6582279
-.49247646
1.9009585
.39768267
.1416502
-1.3862944
-6.6200733
-.083381653
-6.1092477
1.3336501
7.7621708
1.4282589
.98082876
2.4336128
1.0068045
.18924189
2.1972246
1.0159206
.23948002
.49247646
1.1856236
-.060624599
-.18232155
.63598871
1.5493336
-8.9618788
.17384624
.47542381
.73759842
-5.0106354
2.7725883
0
-2.9704146
0
8.3546743
-1.4586148
0

.81093025
2.6390572
.5232482
1.0775585
5.2983174
1.4611955
-1.4790764
1.0560527
-1.0986123
-7.8823147
.43891239
.6370573
-7.495542
-.51082563
-.16907644
-.70914745
-8.1886892
-7.5755849
.69314718
1.1786551
-.15415049
.14660358
0
.25782871
-2.5649495
7.9193563
-7.0900769
0
1.2205024
-7.495542
-6.3099184
.77318954
.46734047
-.11000109
.85745049
.18540335
2.1972246
1.3075137
8.4118328
-.40546513
-.41443348
-7.9193563
0
2.1972246
.9522562
.66268826
1.0560522
-1.3862944
.52407026
0
-3.9120231
.4238143
-.40546513
6.3969297
-1.4663372
.44802475
8.1167154
.71846437
-8.4763708
0
7.467371
-7.7186856
-.27443695
-.13685894
0
0
8.4118328
-7.6962128
.79633141
8.3893595
1.2527633
.63430595
-.5389967
2.7408395
.018018246
8.6125031
.15123081
7.6009026
.31365776
-2.0541239
.40546513
.068993092
-.088947773
2.8067217
-.23638868
-3.0910425
8.1016779
.32542229
-7.495542
-8.1016779
-7.5755849
.85677671
-7.467371
.79112768
-7.20786
8.922658
2.9444385
-8.1167154
-7.4085307
7.495542
2.0794415
.26826382
-5.7037826
.064538479
1.258955
.43531799
.91629028
.3646431
1.4663372
.88319063
7.377759
-1.011601
-.98082924
0
7.9373746
1.5488129
.25951147
-.048789978
1.2486734
-8.3546743
-.1865859
-.35020256
.39561272
-7.0900769
1.1451321
9.0710783
7.673223
.90672112
-.18232155
1.0541606
1.0986123
-6.8023949
.40546513
-.17327166
-.084898949
-1.2927685
-.087011337
-.13580132
2.4849067
7.20786
8.4553175
.4700036
1.2729659
-.91629076
.068993092
1.0726361
-8.2427559
-6.5510802
.6171608
-1.0986123
7.5755849
-7.0900769
.23841095
7.6496925
.7654686
.33647203
-.054067135
-.49643707
-1.011601
.72593689
0
1.4046431
0
0
.41397572
-.095310211
-5.9914646
-.52839184
2.4203677
.24273109
7.467371
0
-.098439693
.061368942
1.5163474
.39304209
0
.961411
.31845379
-7.495542
-.79395151
-7.8438487
.14310074
-2.0794415
0
2.7343674
0
-2.3978953
-.84729767
0
.013793945

0
-.69314718
-.097980499
-7.5755849
9.0825071
1.1895838
-.83479738
-.12783337
1.2932038
-7.8438487
8.7795572
-3.3141856
.58778667
2.3223877
-.14763594
.61310434
-7.5496092
0
.40546513
-.61903954
.016807079
.74721384
.83772802
.52452421
.64869499
-.008439064
8.1747026
-7.5496092
-2.8332133
8.8392763
.15415096
0
1.2570825
7.972466
-.31585312
-5.521461
-.86903763
0
.75377178
.40546513
1.0911775
-7.5229411
.79850721
3.2347488
1.2110901
0
.76376438
0
-7.9010072
7.6496925
4.6051702
-.71562004
.074107647
.14197016
.1144104
7.0900769
.060624599
-7.673223
-7.5755849
1.2130227
-6.9565454
-.22314358
.11778307
0
9.2873011
.37469292
-2.7080503
0
-.58778667
.38677263
-8.0391569
.84729815
-8.0228968
-7.972466
0
0
.61618567

1.2354712
1.5459247
-7.5755849
-.16766357
.090971947
-.43078279
1.4170656
-8.1016779
.5831461
0
7.7832241
8.6125031
.36974716
2.8763857
-.56639576
-.28768206
0
8.4969902
8.4969902
-.1743536
.80562496
1.1071229
-.42199421
.15028191
-.69314718
7.8438487
.40546513
-.55206871
8.7948246
-2.0583878
0
-5.0106354
.87855005
-7.495542
-.76214027
-.20763874
-7.6009026
1.320045
-.65058708
0
-7.972466
8.4118328
.28768158
.35667515
0
1.2780805
-.40546513
1.3616018
-.13353157
9.268609
.71420002
2.4203682
.051293373
1.7917595
0
.490623
-.022472858
.19530821
.29143429
-.18232155
.3968811
1.4240346
3.9512434
0
1.2552662
7.8632669
0
-.3468709
.40546513
.28768206
1.805553
.96940041
.26826382
-.49247646
-4.6051702
7.5229411
1.0608716
1.1526794
-1.3217559
0
-8.2687321
1.3103085
.51725674
1.5404453
-7.9550743
.60005617
0
.77319002
8.4006596
0
-.53408241
.70733166
.49112129
0
-7.8240461
1.0330153
7.495542
-7.495542
8.2687321
1.94591
-8.1016779
.5148983
-.17588997
-7.7832241
-.25378036
7.2793188
.22314358
-.51082563
-8.648221
-1.2321439
-.51082563
1.2622418
-7.495542
-.21130896
-7.6496925
1.511457
-.75768518
-7.7832241
-1.4663372
.79694462
-6.8023949
.10536051
.73396873
7.9010072
0
-7.7186856
8.1315308
.70694065
.13720131
-7.7186856
2.1795249
.47000313
1.2878542
1.7540188
1.0541601
0
-.39390421
-.4567585
.52951813
-.38776541
-1.727221
-.11778307
.87082815
-4.6051702
4.6051702
-8.1461296
8.2427559
-.068993092
.93546104
-7.6962128
1.2780805
.18473434
.13815022
.18232155
-1.0753555
0
-1.0445452
.326684
.15415049
.53408289
-.1643033
-3.871201
.20067072
7.3132205
.055570126
0
1.1180301
1.0986123
-1.5040774
2.7586026
1.3268704
2.3978953
1.152679
.87546825
0
-8.0063677
0
.96855927
.27087498
.61618567
.27698612
-.13976192
.42488337
.69314718
7.9010072
.22314358
-2.4567356
4.174387
.58778667
1.6355104
.43428516
.99239016
7.673223
-1.3862944
-.080042839
-7.0900769
-.048201561
-8.0551577
-2.3978953
.17824841
-.69314718
-2.3418059
-1.1856236
.77723026
.67787933
0
2.3978949
.10536051
-.34484053
.57981825
0
-.37267542
-.25131464
.22825861
.19290352
.61381006
.54966545
-8.4763708
1.1451325
.91629076
8.0063677
0
.13613224
8.4118328
1.4619322
-1.5040774
.5389967
.03922081
1.9924297
-2.3978953
1.0696249
.8312974
-1.1994166
0
0
-8.1886892
.47849083
1.0245047
-6.8023949
-1.0445452
.28768206
.83772802
-5.7037826
7.6962128
-.03278923
-7.495542
-.30830145
.69314718
-5.7037826
8.2295113
-5.9914646
1.440361
-1.0884595
.43178272
-.69314718
-7.9550743
-7.6962128
-.97344923
.91629028
.27443695
-.25131464
1.54638
.33647203
-7.8823147
0
.2702899
-.53680134
-.082691669
-7.673223
-7.6962128
0
.05715847
.39147854
1.1478829
-.47957277
.99542761
.81093025
