ch_last_tot_treat
8.2427559
.24981213
7.9193563
.84729767
.091567039
-.84729815
-7.5755849
-1.3862944
-2.0053339
.51546621
-8.6305218
9.1590471
-7.0900769
.22314358
-1.5040774
-7.5755849
0
-5.9914646
1.4663372
.28768206
.82667828
.10969925
.71512556
0
5.7037826
3.3787241
-1.2729659
-.51669073
-.40546513
.39086628
.41397572
-.32120419
-7.5755849
2.1594844
8.5564137
-1.9636097
-5.2983174
-7.130899
-6.6200733
-7.8632669

5.0106354
-8.1747026
-7.9550743
0
-7.5755849
.088553429
-.013244629
-.33647251
-.61903954
2.1972246
-2.7725887
0
.20359898
.82235909
-1.3426733
.86499691
-.3677249
.58451366
.61310434
7.0900769
.61618567
9.1590471
-7.495542
-1.7657833
.051293373
-7.4383836
-1.0986123
1.2130227
.88789082
-5.9914646
-.32423973
-1.2527628
-.4626236
-1.4213858
0
-.76214027
-1.6094379
7.6058898
9.449357
.051293373
1.1349797
1.6274562
-8.0391569
.21622276
-6.6200733
0
-.093818665
-.016129494
7.9373746
-.31845379
7.9193563
.28768206
-1.1526794
8.6995144
2.7080503
.62517452
8.3663702
.017391682
.18473434
-.40546513
-.066690922
2.4709201
-2.8903718
.85566568
.2411623
-7.8632669
6.1092477
7.7186856
.16164112
.24512243
0
-.025975704
1.622683
.81249428
.95885038
7.20786
4.0775375
7.7706451
.26101398
-8.0551577
.21511078
.47260475
.11477566
2.6149592
0
0
-.77319002
-6.9565454
.20398331
.94160795
0
-.1267519
-7.6009026
.75198746
.43531799
-6.3969297
7.6255951
-7.6962128
6.3969297
1.4226618
.82667828
7.7832241
-.86222363
0
.87973261
-8.5848522
-1.6739764
8.4553175
-.1743536
.61518574
.068993092
0
.26236439
-.45783329
-1.7047482
6.3969297
-.05715847
.40546513
-8.4118328
.040822029
2.6246686
1.1239295
-7.8632669
0
-7.6496925
-.63908005
6.9077554
.23638868
.45332146
-5.7037826
0
.57731533
-7.5755849
-7.467371
-.068992615
.5074296
.82098055
1.2153368
-7.5755849
.26747894
.12062788
.19022655
-.17062569
-.068993092
1.1349797
1.1884685
-7.495542
.23483944
8.7160444
-7.9010072
.026117325
0
.33897495
2.7866559
-7.5755849
1.0476923
-.95977545
-1.8458266
.51669025
-.78015804
-4.6051702
.10536098
.5465436
-7.9010072
-.040822029
8.922658
.55117702
.43363571
-.82320023
1.1939225
-1.4663372
-.66782951
-1.2212148
0
-.33647203
-2.7725887
3.871201
-7.4085307
8.6827078
.55961561
.4700036
0
.40546513
8.7160444
.90672159
-.19590569
2.0794415
.53551769
.46262312
.94446182
-7.9550743
.42159462
1.9169226
.40546513
.45953178
-7.377759
-.44802475
8.3893595
.21357441
.3677249
1.3288422
1.8245492
.54361486
.5465436
.2170639
-4.6051702
-7.9895606
8.7323046
.084683418
1.8458266
-.40546513
-7.5755849
-.11778307
.42899513
-7.5755849
8.1605186
-.2411623
-.7375989
-8.1886892
8.6125031
-8.6305218
.49401855
1.6739764
7.972466
8.3428402
0
-1.5841203
0
.37689209
.19290352
-5.0106354
7.6962128
3.7841892
2.0074682
0
1.2104034
.69314718
-.98082924
1.2700348
1.5234957
3.9120231
.1718502
.022472858

1.7635884
0
8.6305218
1.504077
-5.2983174
-8.1315308
.52609253
.47692394
-7.495542
1.0512099
.79223824
7.972466
.60653973
0
.53280401
-7.8438487
-9.0825071
-.33135748
.097328186
.38299227
0
.25782919
.41773462
1.1871657
-1.5040774
.1267519
-1.0296192
-2.3978953
3.6888795
.19319153
-.16705418
0
-8.0063677
-6.2146082
.79078531
8.1016779
-.32542229
.4700036
-1.8718023
1.258955
-1.0245047
-4.2766662
1.2153358
.17384624
.29924297
-3.1780539
.085522652
-7.5755849
-7.3132205
1.9095426
.61743546
.25489235
-.68145132
.34830666
.37729406
.51769829
-7.495542
-.11000109
-1.5755363
.85221195
-1.1676054
-7.3460102
-8.4553175
.54361486
.34830666
-1.3862944
.1082139
.77866983
.65058708
-3.4657359
-.96281099
-.5725193
-1.4663372
-5.2983174
0
-.21357441
1.1735134
-8.1747026
1.0216508
.36366749
.93430901
.043485165
-.065958023
.28336287
.93155813
-.14518261
7.7702231
-7.3132205
1.3121867
1.5314765
.11000109
-6.2146082
-1.9965534
.043485165
.47957325
0
0
.76725531
1.1349802
.49247646
1.1669316
-.31015491
.71846437
-8.2687321
-.17768097
.95551109
.83479786
.61618614
2.0949454
0
.071458817
7.6962128
.78275967
8.1016779
8.9871969
-1.3609767
1.1856232
.63487816
-7.5755849
-.91629076
-.32542229
-.51538181
-.37647772
.5831461
-.12188959
8.6125031
-.063058376
6.3099184
8.648221
-8.4763708
.77908945
-7.6496925
-.71667767
.3310318
8.3546743
.86499739
.50593567
0
-.064538479
1.1669316
-1.8870697
8.0709057
1.0136189
.43671799
8.4867344
-7.1701198
-7.495542
1.5182214
-1.2527628
.23262215
8.2940493
-7.7832241
.67764282
-.092373848
-7.5755849
.63372374
-1.299283
.8888917
-.065958023
0
2.8332133
5.7037826
-.47957277
.60858917
7.7832241
1.0745144
.7375989
.961411
.44183254
1.3075137
-6.1092477
2.3025851
0
0
-.011474609
.72667027
.40546513
.45198441
-7.5755849
-7.9010072
.16362906
7.6496925
.27369547
.40546513
.054067135
.30538177
-7.8038435
.4760828
7.3460102
0
1.1303606
-5.9914646
-1.5723963
-.062520504
-.014598846
.57981873
.51082563
1.3156767
-.71219492
.69314718
7.8240461
0
-.21256161
8.7323046
-.12516308
.07696104
-.48701525
-7.5755849
.76028681
-7.3132205
-.35282135
.19782639
.49590015
7.8240461
-.087011337
8.4763708
-.054067135
1.3397746
-1.6739764
7.6009026
.72648382
0
1.4053426
-8.2160883
-.2947998
-1.1526794
-.81093025
2.6390572
-.78845739
.22314358
-7.7186856
.81377459
.31666994
.82832241
-.052643776
.3302412
.49643707
.4613452
-.10697269
.012739182
-.64185333
8.0063677
0
.51082516
0
0
-1.4816046
-5.2983174
-.12260246
-.49247646
.76310539
.39294243
-.64185381
5.7037826
-7.7832241
.53739262
.60613537
1.5284686
-7.5755849
.95551109
.5725193
-.09763813
.21757317
.46813679
0
.55657101
-7.5755849
-2.5257287
.028987885
-.11778307
.13005304
.085157871
2.6912432
.94908047
2.1972246
.49247646
-.068993092
.95884991
-.19062042
-7.0900769
1.0660362
-8.2687321
.88985729
-.58778667
-.28768206
.2657032
-7.495542
-.31015491
1.0531497
.50724745
.42285728
.18759823
-2.3353748
.33647203
.26236439
0
-7.5755849
1.2685108
.087011337
.6035347
0
6.2146082
1.1982422
-.76617193
-.26709557
-1.8458266
1.0014482
-7.7832241
-7.5755849
.095310211
.080042839
0
-.22314358
.27369547
1.2452154
1.2039723
.82319975
.56211853
-7.9550743
8.2687321
-5.9914646
-7.467371
.63598871
-4.6051702
.42121315
.62038803
3.9702921
8.4553175
.92020464
-.26381493
.44183302
-.087011337
-.18232155
.49578762
.64185333
-.15028191
0
-1.1349797
.40546513
-5.9914646
2.4079452
1.5533481
.23180199
1.0055213
3.0910425
.49247646
-7.2442274
8.6125031
-.19574451
.6286087
0
-.062520981
7.9550743
8.1747026
-1.1631508
0
2.0794415
-7.4085307
.63430595
-.23361492
1.6094379
-1.1314015
-7.5755849
.28768206
-.10845184
-7.9550743
-2.6026897
-.1416502
-8.5754623
.28061485
.5679841
8.1016779
-.60217524
1.4403615
-.21357441
-5.7037826
-7.5755849
4.2484951
-7.9193563
-.43363619
1.306251
-1.0082283
8.4118328
.2972517
2.2686834
0
.3677249
-.034486294
6.5510802
.34294415
-.45309353
5.0106354
-.21130896
8.4338112
.37267542
7.9373746
.42488337
6.1092477
-7.7186856
-7.6496925
.4238143
8.5171928
-1.2527628
-7.8632669
.20763922
0
-8.3428402
.33085394
1.0608716
-.016807079
.31449318
-7.9550743
.021978855
-2.2246237
.14107847
.16362906
1.0414538
.28768206
-.2702899
1.2039723
-1.89712
-.20359898
.8582263
1.229948
2.4608092
-8.0551577
.52407026
.46134567
1.0608721
.031748772
-7.467371
-.6757555
0
-8.7160444
1.5404449
0
.49247646
-.20067072
-1.2622414
-1.1676054
-1.8607526
.35667467
.45953178
1.0809126
.40546513
.45953226
.98082876
1.411612
0
0
.019047737
7.5755849
.2063365
.57536364
-7.7186856
-.07302475
.32047129
-.25886154
-7.495542
.46163559

.067440987
0
.64003706
-2.5649495
.2411623
1.0986123
.46488857
.49824715
1.3862939
.55710602
-.5039053
.54361486
.41356182
-1.4663372
8.1016779
.21477509
-.96508121
8.6125031
-.082691669
-2.1972246
.961411
-1.0986123
-.30672979
.57873631
-1.6582279
.76913261
.76725531
-1.5533485
-.30368328
0
-7.9550743
.1743536
.18232155
0
1.0369182
8.2295113
-.15415049
0
7.7832241
7.972466
.85618687
1.026639
3.4812398
7.4713631
.57178593
.42488337
8.9871969
0
7.8038435
-7.1701198
1.1895838
0
7.7406645
8.6305218
-.14458132
-.11778307
.74721384
.5389967
-.69314718
.26662874
-7.9550743
-7.7832241
8.3663702
.34174919
-1.3862944
.58778667
-4.6051702
-.32542229
0
.53258657
2.3025851
7.8343921
-7.4383836
1.4136934
-6.6846118
.22718716
1.2163954
.91162872
1.2039733
7.9010072
-7.20786
1.2396903
-8.546752
0
0
.13740635
2.0053334
0
.13353157
.67445517
.63980103
-7.7832241
0
.12629414
1.4250088
.91629028
.67209339
8.1886892
-7.377759
-7.377759
4.6051702
1.2383738
9.3587608
-2.6968765
0
-7.6009026
-.49247646
.58394766
.89381742
1.5301886
1.4873905
-7.495542
-2.4277482
.58778667
.20875502
-6.3969297
0
.7696867
-.072896957
.52609301

.35222006
.10763073
-.34830666
.82048702
.36974716
8.5754623
-8.0551577
-.76214027
6.1092477
-7.495542
-.99542809
1.8170772
.55594587
2.3079753
-.66782951
.28768206
-7.7186856
1.79176
-7.5496092
-8.546752
-2.7080503
.5679841
.51082516
-.1017828
-.66647911
8.3663702
.83624744
.21868896
2.2464952
1.6486588
.48550797

-6.6200733
-.24322987
.64050341
-.92576981
2.9618306
.094400406
2.0794411
1.8893981
0
-2.7725887
1.7391157
.64966202

7.8224449
2.8033605
1.0116005
-.54472733
.30110455
.52716255
.46357203
-7.0030656
6.1092477
1.5404453
1.1192322
-.05715847
.76028681
.55149651
-2.183238
-.13976192
-7.7186856
2.0149031
1.0986123
8.2814713
0
-6.9565454
.72763348
.77770472
8.6033707
-.25131464
1.1499052
-2.1102133
-7.5755849
1.2685108
0
1.08846
1.6661329
-7.495542
3.7841892
.046520233
-7.495542
-1.0445452
2.2407093
-.06542778
-2.9704146
.6286087
.40546513
.18759823
.51082516
1.7692862
0
.31666994
-.92734003
-8.7483053
-2.1972246
-.095310211
-8.0551577
-6.3969297
-2.5649495
-7.7832241
-1.2656665
0
-7.7186856
2.2587824
.29565001
-.66904974
8.5915585
-7.7186856
.99239016
-5.7037826
-8.2687321
-2.0971413
-.16705418
.80437231
-1.1786551
-1.0986123
7.8823147
-6.8023949
-8.7323046
.12516308
0
8.3893595
.82098007
-1.8325815
0
.86681032
.95097589
.12516308
-7.9373746

7.8240461
-7.467371
1.6739764
-1.1474023
.18805265
.53280449
.32158327
-.61903954
-.69314718
8.4969902
3.713572
-1.5040774
.29391241
-.15415049
-.49247646
-7.9895606
0
.35222006
.14403915
.10536051
-.20840168
-7.495542
-.34662437
0
-7.495542
8.9489756
8.4763708
-7.495542
0
5.0106354
2.8094029
.61436653
-7.7832241
-8.1886892
.27193356
5.4467378
8.5271435
-7.0900769
-.40546513
1.2039723
0

1.2685113
-2.5649495
-.94446182
1.734601
8.7640533
1.0678401
1.2342782
-8.1016779
-8.0864105
.62038803
.93155766
-.94446182
-.064538479
1.2486734
-7.2793188
.50554943
-.88238907
.53899622
0
-7.9010072
2.0149026
.018692493
-.31015491
1.7227664
-.05715847
-5.9914646
7.6496925
.69314671
-7.7621708
-2.6149597
.45953226
.67875767
-1.1260114
0
.31508112
.84729767
.91629076
0
.13217258
-.21825361
.10536051
-7.5755849
-1.0986123
1.791759
0
1.6739764
-7.6962128
-7.9550743
-7.5755849
.4321332
-7.7186856
.095310211
7.9010072
.15684223
-7.6255951
-7.5755849
-.49643707
-7.9010072
-7.4085307
.78845692
8.5564137
8.2687321
-7.8438487
-2.0794415
-5.2983174
0
0
.87973261
-.10536003
-6.9565454
-.86499739
-2.6855774
-.4700036
1.0334725
-6.856462
-7.7832241
-7.3132205
-7.9550743
-.40546513
8.6125031
2.2146163
-4.6051702
.58493376
-2.6390572
-6.8023949
.30153275
1.2205024
-1.1526794
-.040822029
0
0
7.8823147
-7.8240461
-9.3369732
.35863352
.4274435
6.9565454
.78170061
.16598511
.70236349
.73206234
.51082563
2.8716793
-7.4085307
-8.0063677
8.0063677
.92198849
-1.0414538
0
0
9.3056507
-7.5755849
.18232155
8.1747026
-1.637609
-7.9550743
1.116961
-.034361362
-7.3132205
.028170586
-7.7186856
0
-.5389967
.32542229
8.2940493
-1.6739764
-1.2809339
0
-.33377361
-6.6846118
-7.8438487
1.3437347
1.348073
.55961561
.98485374
-.11778307
-.32542229
-.016807079
-.43078279
9.2002897
-1.2527628
-.96684265
-.13182878
-7.20786
.95265818
.24512243
1.4790759
1.1186132
0
.52609301
-.79323053
-.24294615
3.583519
.26236439
-7.0030656
-.14953184
.45953226
1.2237754
-.65232515
.667171
.72823906
.18232155
-5.7037826
.40546465
1.8191586
.30538082
-8.444622
7.6496925
0
-6.9077554
1.3862944
-1.2039728
-.95551157
-6.2146082
2.1102128
.88605022
0
.81831026
0
.6286087
.18232155
0
.69314718
.63252211
.76546764
-.067139626
.72054625
1.0560527
8.0063677
0
7.130899
1.6796422
-2.3353744
-8.1886892
-2.0149031
1.1884685
1.8787708
.33456516
2.2512918
-7.5755849
.90078592
8.974618
.23767185
-.48550797
-1.5939331
.19415617
-7.3132205
0
-.085766792
-7.467371
.51082563
.21962833
0
8.0709057
.34830666
.87546873
-7.9010072
.87082815
.46052551
6.7452364
.84078312
-7.6496925
-7.7832241
0
0
0
-8.3663702
.47000313
.83932924
-6.856462
-2.0149031
.90926647
1.8035936
8.6305218
-6.3099184
.20067072
.64003706
1.2729659
-1.5040774
.54361486
9.3325577
-7.20786
0
8.7323046
-.71376657
2.5389738
-7.8823147
1.5621843
-1.7917595
-1.1526794
.26364517
8.8246775
.16833496
.78275967
8.3428402
-8.0063677
-.30010462
.11134291
.92584467
-7.495542
-7.8438487
.23180199
-.19237185
.76725531
-7.7832241
1.1856232
1.403389
.1643033
1.1151414
1.0414543
1.3516088
2.8478122
1.1856236
.42121315
-1.4087672
-.69314718
2.6149597
.13297558
-5.2983174
.7081852
-7.7186856
.92576933
4.5432949
0
-.42608452
2.74084
0
8.2687321
-1.0379877
-7.5755849
-2.0794415
.11211729
1.3322268
1.1895838
8.4658995
.74606991
.95783997
1.0136189
-1.1526794
.24445343
0
-.089230537
.98082924
7.20786
.94098377
0
.12516308
-8.4118328
2.3715777
3.9120231
-.6286087
-7.7186856
-.71229506
-.19558573
8.4228821
1.116004
-7.3460102
.45473576
-7.9193563
2.1747513
.1718502
2.5649495
.37469339
-.22314358
.081677914
.054066658
-.16551447
1.5632248
8.5754623
-6.7452364
-.075507641
2.4129333
-7.4085307
-1.6094379
1.4863777
.93826914
-.73759842
0
-3.4965076
.52324772
.4613452
1.2909842
-7.6496925
-1.6451559
.10536051
.1082139
-5.9914646
8.648221
0
-1.6796422
1.693779
.23638868
.53408241
8.7160444
-.18232155
-7.495542
-.087011337
-2.0149031
8.4338112
7.6009026
0
.14518213
.84729767
.58778667
-.60157967
-7.9373746
-2.5649495
0
1.3476796
3.1918473
1.8216119
.45953226
.087011337
-2.1594844
.13353109
-7.8240461
2.451005
7.495542
-8.4763708
.66497612
0
.54763985
1.0062389
-6.2146082
-7.4383836
.33213377
4.6634393
.45198441
-8.1315308
7.5755849
1.0159206
-.65232515
.65677977
-1.0498219
.79223776
.025817394
.49393368
.55244732
0
.068993092
1.791759
-1.7491999
-.05715847

1.0986123
-7.7186856
-7.4383836
0
1.1804423
-5.9914646
-.051293373
-7.7406645
0
.087011337
4.6051702
-5.7037826
0
.48097277
3.3202281
.78411865
.70419645
-6.3969297
-1.5040774
8.0391569
-1.4170661
-.51082563
1.6582279
.054067135
-1.5869651
1.4282589
.44031239
.14518261
6.8023949
8.3187418
.92140532
-6.9565454
.085157394
-7.0900769
1.2833462
-7.7406645
.72092724
-2.9444389
-1.1526794
-.2411623
-7.6962128
.51082563
-.5039053
-7.495542
0
-7.9550743
.63598871
-5.0106354
8.4118328
-7.8438487
8.4338112
1.7681494
8.1886892
.55734539
0
-.11778307
0
.18924189
1.4190841
-.37371635
-7.7832241
.26101398
-.16507959
-.064538479
.13911343
-.40546513
4.0073328
.60613537
.39768267
.17645645
-7.7832241
-.040822029
-7.9010072
-.50077534
.75666046
8.1886892
-1.0266385
.037041664
-8.4553175
8.4118328
.11332893
-.74721384
-.9267621
-.4626236
-4.0073333
-.48183823
3.0910425
1.8281269
-.47692394
2.8526316
8.3187418
.40546513
-.40546513
.8582263
.81503725
.3677249
.31845379
0
0
-.21511078
.39086628
-5.521461
.036367416
8.9871969
1.0691986
-7.495542
8.909235
.69314671
-.69314718
-6.3969297
.76725531
8.5754623
-.33349133
.73759842
1.1631508
.22314358
.37729454
0
.12732792
-.044451714
5.0106354
-.27763176
.81329155
-1.3862944
2.7408395
.21414757
-6.856462
-7.20786
-.026667595
.28768206
-.64662695
.054066658
.24686003
-1.2878542
.82927895
-.60613585
-.94446182
-.074107647
0
8.1315308
-3.0757751
-4.6051702
1.0608716
.13353157
-.55961561
.71562004
.80349541
-7.495542
-1.94591
1.0704412
.55961609
-.28768206
1.0140548
-.87546873
-6.9077554
1.63413
.7081852
0
-7.4383836
1.1585102
-8.0391569
-5.9914646
-.5232482
.22314358
-.14953184
1.0986123
-.23361492
-.54232407
.8938179
-7.0900769
-.91629076
-.18825626
3.2580962
.22314358
.40546513
6.3969297
8.4228821
-.53680134
.65058756
1.1631503
2.0583878
-.28768206
.65924597
-7.3132205
-8.1461296
3.0680528
-3.1354942
.73759842
0
-1.0608721
1.2259512
-7.9550743
.75815201
6.6200733
-1.1977034
8.5941544
-8.3428402
-.054067135
.54361486
-.13353157
.66329384
1.1536722
-6.3969297
1.3470731
0
0
.32090759
.080041885
-6.3969297
8.9871969
-7.5755849
.69314718
-7.5755849
-.25131464
-7.495542
-1.9252911
-.89276028
1.4663372
-.86499739
-6.3099184
7.9373746
.66139793
1.286922
5.9914646
-2.7080503
.38193464
.41109896
-7.0030656
8.1605186
.96402216
.62415409
1.3331842
.82319975
-.90445614
-1.5639753
-6.5510802
.4700036
-7.5496092
.23111248
.61090946
.28768206
-2.1972246
.20585155
.015564442
-1.856298
1.0438042
-2.2686834
.58451366
-.4626236
-.31449318
0
0
-.89948368
1.1118569
6.3969297
-.3677249
.45036745
-.021053314
-.017699718
.79223776
.44183254
5.2983174
.10008335
-1.0986123
-.89097309
-.53005743
8.5171928
-.94260836
.44546986
1.2899628
8.2687321
0
.62117338
1.0647106
-.10109615
.53166008
-1.6451559
-1.2762933
0
.4372139
.98082876
.26966381
1.2474575
-6.856462
0
1.1124058
2.1972246
5.521461
-.35667515
.98082924
.42444134
-8.3428402
.63598871
1.7657838
-5.857933
0
-5.7037826
.87472773
8.3187418
-6.8023949
8.1315308
-.072570801
-7.495542
.49740267
7.495542
-7.5755849
.37948942
-2.5123057
-7.8438487
.40546513
.37948942
7.8240461
-7.5755849
.26469231
1.01545
-.33647203
.98794651
-7.7832241
.13157654
-7.130899
.5725193
-8.3187418
1.3609767
-5.7037826
.92576981
-.24116182
.13005304
0
.961411
-.23638868
.77319002
.050010204
-7.495542
.025317669
-1.6739764
.81294823
1.961658
2.7725887
-.46450758
.20067072
.92576981
-3.9120231
.56639576
-7.9373746
.71294975
5.7037826
-7.8823147
-6.8023949
.69314718
-2.9732594
-1.1404595
.42933273
.16093063
1.3470731
-1.4136934
0
1.1856236
1.6094375
7.5755849
1.4748478
7.7186856
6.6200733
8.1315308
8.6305218
.62415457
8.4763708
-8.2160883
.68087673
.34377146
.26826382
.73186207
-7.3132205
-.66694498
.22314358
1.3424921
1.4271164
0
-1.6894803
0
5.9914646
7.2442274
-6.3969297
0
1.8941741
-2.4336133
.75198746
-.51082563
-.69314718
1.1786551
1.8018098
.8582263
.59167767
1.1136503
-.19415617
-7.7832241
-.42899561
-7.3132205
.19415617
.76725483
.22314358
-7.495542
8.3893595
-7.6962128
8.8246775
-7.4383836
1.4321041
1.3531418
.91629028
.19237185
-5.2983174
-7.5755849
2.1000609
-7.9895606
.33885002
9.9330463
.7949295
7.0030656
.27193356
2.1400661
-1.5533485
-2.6390572
.41129589
.64335632
0
-8.3546743
-6.856462
-.60441971
8.9489756
.92367029
-1.1631508
-.20479441
-7.8038435
-.7137661
-8.0709057
-7.7186856
.45198536
-.36674976
.3617897
8.1016779
-7.6962128
-7.7832241
-1.5841203
-1.011601
.57763386
.52324772
4.1588831
0
0
2.0149031
0
.30873489
.60824823
-1.8718023
-7.4085307
2.7725887
8.909235
-8.1315308
-3.1640673
-8.0063677
.045669556
-2.5649495
.26966381
.82667875
-7.9010072
-.089612961
.68117142
.3706789
8.6125031
0
1.3862939
.054067135
-7.6009026
2.7725887
-.34294415
0
-1.17272
.37948942
-.33647203
-.18232155
.70588589
1.0986123
-1.9636097
-.88730335
-2.1400661
.13242435
-7.8438487
-7.20786
-7.6496925
-5.0106354
.5904932
.74315691
-8.0709057
-.69314718
0
.29068947
-7.495542
.73860979
-.98861122
0
.27193356
.89948368
.45198536
-7.8240461
.48770237
8.4338112
-.10109615
.61618614
-.26028299
.64146376
-.28141212
6.5510802
0
.29450798
7.673223
-5.7037826
-7.7186856
-.43078232
.59470749
1.8458266
-.40546513
8.6995144
7.3132205
-5.0106354
1.1814995
8.2160883
.799757
8.7078133
-.087011337
0
.093525887
.10536051
6.8023949
1.286211
.92953587
-1.2452159
.61146879
.60473633
0
-.16907644
-.5232482
0
6.1092477
-1.0498219
.060624599
.73236799
.77161884
1.3173013
1.9924297
.4626236
.38677263
0
-.022472858
1.5755363
-.13353157
-5.0106354
-.73396921
.28768158
-2.5455313
0
.73570633
-.28768206
.50024319
-2.6390572
.20067072
-.0493927
0
-.72391891
.19290352
7.0475173
-.72054672
8.1461296
-.76214027
.49899149
-.31845379
-.18010187
1.0696249
0
-.40546513
7.0900769
-.41616058
7.9373746
1.2878542
-7.495542
.38299227
.63465118

.64662743
-6.6846118
.50413704
.28873444
-8.2558289
-.95551157
2.0074677
2.282382
.47000313
7.9010072
-.64662695
1.6094375
.57536364
-.51082563
8.802372
1.4572463
7.3132205
.09763813
2.6741486
-.69314718
.76214027
-1.1260114
7.4383836
-.27763176
1.3730488
-6.6200733
0
0
.25782871
1.2961435
1.9021077
-2.3025851
.71256495
.61310434
-1.7917595
-1.0986123
7.6962128
.19004393

.23052359
.044451714
.22825861
1.2527633
1.0414538
-.064538479
.87546873

.20544434
0
.43428516
1.7917595
-1.011601
-7.8438487
.5232482
-.77319002
-.098439693
-.22314358
1.2237754
0
0
7.7832241
0
.21511173
-.5389967
2.8743715
-.25593281
.3677249
-7.5755849
-8.1886892
1.0531497
-5.0106354
.19530821
.84437752
-.07696104
-2.7080503
-7.6255951
.58394766
0
1.0086641

.73161364
1.0608716
1.2089605
.69314718
-.77411652
-2.2571225
1.2184134
.92140532
.56211853
.31845379
6.3099184
9.047821
.34830666

-7.7832241
1.5040774
-.43995142
.48550797
.55961561
1.2845116
7.1701198
-7.5755849
0
.31845379
-7.495542
2.1400661
.3327055
.38776588
-7.495542
.87973261
2.0281482
1.5755367
1.3437343
.74533319
.48954773
1.0330153
.87082815
5.0106354
.70694017
4.7361979
-1.2367625
.33085394
1.1567197
.099090576
-.018692493
.051293373
.39834785
.14763594
.41925812
.1066103
.40546513
2.7932076
0
.26101398
2.8810697
.39304256
0
.66716003
.79850721
7.6496925
-1.1700711
7.3132205
0
8.2295113
0
.44628716
.33647203
.042559624
-7.495542
0
-2.6508918
1.1143608
1.236762
-.8792491
.39304209
-.10919952
1.7491999
.92846107
-7.5755849
.49740267
1.4701762
2.2686834
.28768206
-7.20786
1.395864
.14660358
1.0296197
.062520504
.21936226
-.78845739
-.55961561
1.1749849
.91629124
.72951508
-.3726759
.65540648
.59306335
8.1461296
.28768206
-7.7832241
1.531476
-1.5841203
-7.8632669
.69314718
.098439693
7.1701198
1.637609
.036367416
-.26662874
-.11506939
.31323481
.24116182
-7.0900769
-.1718502
8.9359035
.41985416
.50077534
.36935997
0
.52984381
-1.4307461
0
-7.8632669
.61829329
-1.94591
.94320726
-7.4085307
.1144104
-.10536051
-.22314358
-2.1972246
.108634
8.3187418
-1.5404449

-.34174919
-4.6051702
-.65677977
6.3969297
.62570572
1.0986118
-7.9193563
0
.018349171
8.1605186
-1.1700711
2.8903718
.022691727
7.6962128
8.0063677
-.84078312
3.4657354
.78845787
-7.673223
-2.5455313
.76028681
-.18232155
-.05715847
1.8607526
9.392662
.7859292
1.1143608
-1.5404449
.020619392
-.44183254
7.7832241
-.24231434
.2978344
-2.1000609
1.0549369
-7.5229411
1.2367625
-7.5496092
.32542229
8.8956299
-8.0551577
-8.4867344
-.55004644
-.44802475
8.8246775
-7.0900769
-2.1459308
0
8.7483053
-1.767662
-.31424904
8.0391569
-7.495542
-.18232155
-1.7107906
.8312974
0
-8.3187418
7.5229411
8.2687321
8.4763708
.89381742
1.8758426
-.040822029
-.19172764
-7.1701198
7.377759
0
-.45953226
6.1092477
-7.495542
.20067072
-.82927942
-.71269131
1.0216508
-1.5686159
.54361486
-.23180151
7.6496925
6.9565454
7.7832241
-.40546513
-7.9373746
1.3075137
0
-6.9565454
.28768206
.39204216
-1.734601
0
.9431982
.64869499
-8.4553175
1.2039723
-.96046162
-.95551157
.67739964
.55961561
7.9895606
1.2205024
.12516308
.39204216
-2.1972246
-.51546621
-7.4383836
-.15415096
7.6009026
-8.1315308
5.2983174
0
-3.9120231
-1.8281269
.67209339
8.2687321
.043296814
7.0030656
-3.4965076
-.65058756
.15246868
.73966742
.95783949
.55961561
-.14953232
1.1270919
-5.2983174
.71846437
.3617897
.39531231
.15984821
-7.7832241
-.055879593
-.91021109
-.40546513
-7.5755849
-7.9895606
-.20359898
.43531799
1.1260114
.084083557
2.3826275
-6.1092477
.27625322
.14660358
.71783972
0
-.63252211
-.021978855
2.9087205
-7.2442274
3.5115452
.70995378
