ch_tot_contr
.40712404
-.11391163
-1.2494936
8.5778179
.62497997
.18786192
.18680048
.52288532
.66696024
2.6312551
.95864964
.54740524
2.5058107
6.0088134
.39181709
.14205837
-.034619331
.049487114
.11247826
.098549843
-1.146256
-.13890839
-.064046383
.80143929
.0059242249
.14769888
.60062361
-.18005133
1.2697124
-.038569927
-.026603699
-1.050849
.22371626
.14318466
8.1834669
-.54631186
.53564882
2.0901041
-.32406664
7.0853262
-.23207474
.49584007
1.3111739
-8.0000982
.39349174
.81069183
-.019263268
-.93095064
8.9554482
.17311668
2.2433486
-.304842
3.053575
-.45494366
-1.6229486
-.53308964
.13962269
6.8635421
.45489883
.27769232
2.8071411
.0052218437
.60256052
-.080254078
.13487053
-.18153381
-.074345112
.65310049
.53259373
-.72560167
.29412937
-.86544991
6.1516681
.5372839
1.1289587
.40979576
.56534672
.83887339
-.8596282
-.55840921
.26999855
.71912813
.45081234
.73154449
.25758648
.57603264
-.80012846
.4198041
-.054548264
.1554184
.31807518
.94574928
.030213833
.9115839
1.6956663
.81191206
.036407948
5.2217064
7.4711852
.37347984
-.035186291
1.3748767
.098625183
7.4142342
-1.282063
-.89000511
.040604115
1.722508
1.6002774
.082347393
.0098285675
.82337618
.15312576
-.019646645
1.2505927
-.60098076
.94293976
.1894803
.94911385
.49672031
5.1877351
-.35976601
.1741581
.28659439
6.8699236
-2.7346539
1.1903481
1.2095637
.98610497
.83429384
.22472715
.92612314
-.21726274
.46210766
.62250137
.80320644
.75010157
.16506243
7.7568374
.44350004
.44788408
.3641243
-.18268681
.41243601
1.9570041
4.7312522
.30920506
2.7797246
2.0562048
2.1792469
-1.8739805
5.2384348
-.31585312
.0069708824
-.28554773
.17511845
-.85078192
1.6579762
.23316956
7.1457872
-1.4003348
1.1433959
.98686266
6.5470543
-1.5191803
.29485893
-.14576435
7.6762419
.059598446
.95082617
4.3686566
-.45625591
-.54893494
.12128067
-.54206562
-.15890741
1.0934811
.39272213
1.1555834
-.99153376
.70144415
.34559155
.25973654
.50109291
7.5755849
.051791668
8.0310602
-.069098473
-.29822969
-.12524605
-.2886467
.079714775
.095003128
1.947556
-.035699844
-.53889227
.539289
.028836727
-.16809654
.22384739
7.6271181
-.83160496
-.22377157
.39135456
-7.2447376
.1897974
7.4255071
-1.0780749
.28877592
-.39220476
.40918779
1.9077582
-1.4938073
.21712494
-1.1104622
.77119637
5.6638284
-.074943542
0
-.15697908
1.3826833
.79446697
.21671104
-1.252511
2.0602474
.31994295
.66332674
1.3997426
.68453455
1.4124961
.041908741
.1642046
-.040822029
-2.7197905
-.036779404
8.156044
.64358711
.47537231
-.48817682
1.6357532
-.028528214
-.041158199
-.68668175
.11325836
.089048862
.80994654
-.10431767
5.0539074
.56535578
.044565201
-.23699427
.17269897
.42921925
.42778587
8.0709057
-2.4768922
2.0103803
8.040185
7.5900941
-.10787153
.055180073
1.1309581
3.8672872
1.5998249
3.4347014
-1.7479167
8.108285
.87613106
-4.030323
.52100086
-.29727697
7.6118116
.64700747
0
.0015640259
.02708149
-.079718113
.81537819
.15919304
7.2012177
-.011592388
1.0200605
-.17657328
.86537695
1.07933
.3122921
1.1730576
-.013568878
.054694176
1.4927607
-.24197769
-.80307436
-1.8744864
.050189495
1.2039723
-.12567997
4.0687666
-.19204617
2.2470469
.084144592
.67344046
-2.3000183
6.5473232
.072202682
-1.935257
7.8000093
.19077921
.059943199
.57050514
-1.7838683
.875103
-.118186
.32419634
.8432579
.23188782
.59096575
.78845739
4.4363494
.22478199
.413764
1.3758626
1.0875511
2.2348075
.46142387
1.3009214
.51651955
-.62592506
.45947313
-.076544285
1.9708114
-.071900845
-2.4233317
3.7271984
-.31332493
.39249563
.64753199
.50618649
2.6309361
5.7307591
.59659529
6.0968094
-.82283974
-.75403881
-.025446892
.3321023
-.75542927
-.18777752
.058628559
1.34266
-.43579197
.33098269
.69680738
.033669949
.17861843
.20831919
8.0748043
.22247362
.52915668
2.9934673
-.19363546
-.20909595
-.088104725
1.5689826
5.5408964
-.31878471
7.6255951
1.690166
.84004021
.4872632
-.6884346
-.14063215
.17301273
-.044683456
.13399076
.27391195
.39585304
.9629755
1.683135
-.75593233
-1.1828184
-.034766674
-.097977638
.1475234
-.10465765
7.860908
.18365002
.80365086
.19305038
6.0240526
-.2894659
-.03520298
1.5217247
.52797556
.19668579
-.82427979
.089122772
.29285765
-.41316843
.25375128
3.501565
.024692535
.4346199
.5078721
3.528039
1.6527128
7.5707655
.14807987
.020121574
2.0022769
.27700996
.023472309
.74950933
-.38354015
-.36906862
.96493959
-1.5641766
.2042284
.69130707
.1619854
.96631479
.18749237
6.8301992
.078359604
-.11452818
-.90210581
.29696655
-1.3338289
.066828728
-.0031394958
1.0617223
.7397151
.85200882
-1.6760039
6.7082367
-.14577055
4.7244353
-.2256465
3.0522666
-.020405769
1.1939778
.094121933
.41426468
2.6063452
-.70546532
-1.7934408
-.11802721
-1.9668927
.77959251
-.0057706833
-.036056042
-.15538216
0
-.0056209564
-.14543629
-.039131165
-.37649727
.35894489
.37571192
.33568764
3.7271984
-.24961138
5.9777775
.34850168
-.46467495
2.2480211
2.9342537
.013835907
-.025642395
.25375128
.38028669
1.3263183
-.662992
-.93250799
.38403988
5.3624654
.19885921
-.085618019
-.53544378
.18614006
.17874384
-1.5977564
5.0570416
.17094231
.26167727
-2.1593189
.066327095
.44881248
-.33308601
.45305634
.53313875
1.0887427
.53459072
2.7417445
.011125088
.77871084
-4.6137052
1.8276238
.30940914
.28048801
1.2948022
.67059755
2.865109
-.25844955
-2.4145756
.094502449
-.32065535
-.030409813
.22426033
7.2857637
-.44309616
-.098680496
.33319187
-.84610176
-1.1821084
.22645283
2.6209898
-1.659224
.72457123
2.9403472
.12581205
8.0806246
.98108101
.010385513
-.067887306
-.5116663
1.0395646
.24547863
6.5609422
.44860601
-.45721388
1.0464354
-.46756458
.83921671
.35708809
-.64481163
-.35538292
.48381329
.16436768
-1.2830658
.10353136
-.59482718
.014842987
1.0817332
-3.8654616
-.3167944
.3813262
.4648428
-.23583698
.40565729
-.070617676
-.088523865
.33131599
6.4032636
.14498234
8.8042593
-.08638382
-1.2689042
-.33267117
-.0098638535
2.7156234
-.60919333
.13592815
8.1956615
-.57374239
.12273836
.10375309
.40688229
.28201246
.40685272
.13726234
2.074719
4.7584276
2.3188567
-.99684668
.23136377
.71441031
.33546782
.58902979
-.1604991
-.72680378
.41680813
-.38077259
1.1109047
-4.9799471
-.93737221
-.075055599
-.63771439
-.054986
.33194113
.13782835
2.5398688
4.7312522
0
-.41930246
-.69166422
-1.2409234
-.3768096
.051504612
-1.5544028
.5961132
-.095504284
1.1678095
-1.8463769
-.11931801
1.1822848
.27876663
.18051386
.54031324
.29537249
6.7641735
-1.1175385
-.0050296783
.13409615
-.054686069
-.015972137
.43121767
7.0147581
-1.1237946
.75482178
.62007093
1.0468836
-.18375254
.070598602
.40377855
-.2934103
2.0383692
.60960722
.018576145
1.4607599
1.0278049
1.3328056
.13268614
1.5688581
.1429038
-.11054134
1.0361495
8.1938839
.21114874
.71408415
.045809269
1.6533833
-.18485165
-.11700249
-.27361631
-1.8508377
6.7387447
-3.4696345
1.7365234
6.2331843
-.041311741
.50449276
.13129044
1.020401
-.34384012
-1.1086626
-.111588
.077490807
2.679523
-.8200779
1.388308
-8.1260004
.30323839
.42711926
.34320354
.70100832
.35646582
2.3347921
.066870213
-.47999811
.58000088
-.72288322
.52149439
.016040802
-.11005259
.19288254
-.089903831
1.3222804
1.8104978
.8294816
.91616011
-.24320459
0
.98623657
-.37595654
6.4289126
-.16291666
.98844147
.020158291
.31532717
.31386852
1.3520608
.62067032
-1.9997439
-.64373779
3.1487322
-1.8377662
3.1099916
.026195526
.2859745
-.22841072
.095948219
.16475916
.4860816
-.12678242
-.052502632
-.93523502
.70903826
-.23842716
.52338314
.73304081
2.9903488
1.921639
.041702747
7.4495707
.070098877
.85352516
.73483706
.70320654
.449821
0
6.7311673
1.0211191
-.56759357
.52786684
.10985279
1.4574194
-.97139168
-.067184448
-2.2619047
-.066658974
7.5059047
.020054817
.20022249
.53654194
-.24170017
.54858303
-.14247608
1.6391993
.055651188
-.90580416
.20148182
-.45895386
-.12547588
-.61154509
8.1260376
7.7061067
.44127464
1.6750407
1.6993947
.15871763
-2.5688529
-.078639984
.035692692
-.048231125
-.0093026161
.068826199
.65832138
-.59312487
.32310247
.53551817
.28339958
8.6768646
7.8052454
-1.2149978
-.11322594
2.2490358
-.55167532
.71308947
-.12337923
.16430283
-.06305027
-.042985916
1.3312659
.06814003
-.0068917274
1.4142151
5.1279631
7.0148144
-1.1706328
.41389084
8.0844851
2.3142872
-3.9044442
-.41099548
7.634881
7.7528186
-.21570826
-.34317255
.2638855
.66166449
7.9789109
.37262297
.27496243
.54641724
.074520111
1.6669669
1.0506034
-.20703363
.51476288
1.0488653
.23563766
.23448229
1.2983737
-.78073215
6.823626
-.26175928
2.4057004
-.0015935898
.56818771
-.41825914
-.12692356
-.097873688
.6280365
3.8229437
-.24731588
.38226366
.11216545
.36452961
.13631916
1.6783376
6.8733578
8.0187902
.93167305
-.046963215
1.5752378
.97287083
-.70967484
-.0013799667
.029396057
.75500774
-.34040451
.13426924
1.8006582
-.55244732
.6865201
.19782543
5.1518455
2.5078988
.1406045
.25721025
.1929245
.55681372
-.45733833
.36984587
.20717478
.094562531
.067264557
-.41338253
.031345367
.10117388
.49939632
.29579926
1.300868
5.0168657
-.11934662
.079789162
5.8852358
.95653009
7.3049784
-.72422552
1.0129514
2.5330548
2.2232957
.071610451
-.94682264
.29818583
7.3991685
.012631893
.15785027
.50871086
2.6903024
2.0431995
.035886765
-1.7619066
-.27195215
.0088624954
.26565266
.35468817
.63684416
6.4084258
1.1267662
.45859718
-.48205757
.47110081
-.056726456
-.57836294
1.9574928
-.39330149
-.028331757
.95482874
.82491398
-.44328022
.072422028
1.1978426
-.34703493
-1.0014486
-2.1322627
.14065313
.86742496
.032535553
.13093424
.045182228
.98900843
5.7064872
-.11762714
1.0232468
.11445808
-1.1650882
-.61259937
-.022098541
4.3726521
.39440107
-.053792477
5.473845
.60386753
.31974983
.36058235
-.52409697
.058686256
-2.1219101
.78275919
-.047821045
2.1109409
4.1267986
8.0988522
-.1187439
-1.1116095
-.2140131
.53687239
1.4944677
-.56264687
.2102952
.27435923
.25626612
.25944042
1.023572
6.6208229
-.55113888
.25041103
.52732754
.35284042
-.081830025
.12763929
.61193419
1.1071
.53094006
.016068459
8.3634586
-.82598591
.82546234
-1.3282442
.45353651
.34634352
-.045762062
.008330822
.0046186447
.80548429
1.0325794
.58276415
-.53294134
1.2676172
.1738472
-.52994299
2.0206614
.38827229
2.3211589
.52276897
-.71320391
-2.1240807
7.7753806
.03387022
.15498638
-.032272339
-2.8928747
-.20384598
.82951784
.52044439
.30754566
4.9815207
.40763235
.081209183
-.48470163
.060396194
-.14089346
8.3605394
.25743866
.42454672
.54166889
1.1079082
-.52230072
4.0527
.75573063
1.0998135
-.19470596
.052707672
-.10500908
1.1505733
-2.1195264
.67739916
.62675524
.0040135384
1.3414426
.86734581
-.048368931
1.3676181
.24080849
-.69894028
.75216579
-2.1717105
.012756348
-.0036559105
1.4762678
.56734276
-2.1480107
1.1164799
.084523201
.47459459
7.1358862
-.27970695
.11159086
.62103271
7.8039198
1.2714834
.09940052
.097183228
-.3941083
.10883522
-2.6252308
-.12137556
3.4204011
-.060784817
.26801991
-.13266659
.32363558
-.53360701
.22314358
.17461681
.341012
1.0553093
7.2174435
.2702899
-1.376461
.032670975
2.9799838
-1.7888513
.88150692
.28641844
.30265713
6.4585342
4.8230815
-.62898397
.3276968
.63690758
-.0017313957
-.34942436
-.17359495
.66798401
3.7357178
.86940575
.055323601
-.12778425
.53612518
-1.6400104
.87806988
.30252409
.39887094
.31449318
.39980698
1.3030434
.32448816
6.6691809
-.26515293
.64360905
1.0225177
.58552265
-.028171062
.43608189
.31858969
5.5610189
.38176155
.88657999
-.37898111
.2767868
.39147902
5.2816038
-.31939888
2.531683
.031126022
.38482666
-1.7126727
-2.7741308
.10608101
1.5730629
.43519592
-.33704805
-.78366661
-4.0800095
-.21051788
-1.889523
-.050839901
-.57932425
-.5214138
.34979439
-.55271101
.063591003
7.5380292
-.12617302
1.1859748
6.9145446
-.91716576
1.420042
7.1387181
.76049948
-.035232067
.20697975
7.6392212
.018882275
7.7884707
.24688768
2.902122
2.6102805
1.9494662
-1.4310031
.014151573
2.0607471
0
4.5505819
.28153372
1.1088037
-.16175508
1.0662537
-2.0545354
-.53807783
.94098377
-.029726505
-.42111492
.51625347
8.3293562
.90586138
.096201897
.53401566
.51541424
.14654016
-.25746536
.27551079
-.10363579
.64495325
6.8098669
-2.7343421
-.050354004
-1.3699079
.53786945
-.41448212
-.75547123
-.0064101219
1.0753856
.54607296
-.18296337
.06805563
.17381573
1.6835423
.057391167
.17334175
.34624386
-2.0281484
.26150036
-.24729061
6.3879309
1.1683245
.11239243
.040566921
7.4973111
-.23939133
-.22090912
.22428513
-.43234539
.16159582
.11571884
.30888462
1.327395
1.5574636
2.7813568
6.209847
-2.4073949
-.29230022
.12764883
-.23013973
.29017687
.079282284
-4.1140289
.36240292
-.086601734
2.4533267
7.9670634
-1.0085335
-1.4592037
.0012345314
.46411371
-.92273188
.39177227
-.046896935
1.11273
.39974451
7.036643
1.06141
.28459215
1.2264743
.076587677
-2.24616
1.0591083
1.3513556
.90561056
0
1.006649
4.8106589
.047903061
.62188053
-.88813543
.30029249
-.0014419556
-.67236328
-.71393776
.84403515
-.30533695
.46013737
-.87498665
.10656166
-1.5636754
-.092102051
-7.3732848
7.5347629
-.7591753
.49354553
.5076313
-.15962267
.02768898
.15760374
.727005
.54121017
2.1193542
.10730362
-.20744038
.46421003
2.0266089
-1.3047142
.42165947
.069633484
-.18119621
-.75975084
-.091697216
6.806622
.27946234
-.16791868
.062957287
6.4482961
1.2794499
.9689045
-.38764334
-.28854704
.12102795
1.8975739
-2.011241
.0019397736
1.9165444
.20763922
1.0069833
.94511223
.10545826
-.0025029182
-.11072636
-.032789707
-.12512064
.64810276
-.10017443
-.039387226
.32308531
.86932421
4.8188686
.25770998
.4019227
.11450148
.39337444
.10458374
.41031981
.6812849
-.15354252
-.14434242
.069375992
3.8952677
.0009522438
-.85312462
-.08317709
.3564167
.1247282
.061180115
2.6745358
-3.31705
.51773882
.12565517
.3850565
.55380392
-.077711105
.17046261
3.0399246
-1.3657379
-.24512959
3.2364717
.09180975
-1.0981302
-1.7077942
.30885744
.75847626
.27763176
.45830107
.25033855
.01563406
2.0538931
.014890671
.5563097
.58314657
.26479721
-1.780643
1.0397258
3.3533373
-.52218103
-.46390867
-.28620625
.15381336
1.7107134
-.46526527
1.6087422
.12697792
2.1906376
4.9959445
.29653263
2.0293393
-.9304533
-1.2616949
-.86349249
3.5941148
-.25776863
-.54133654
-.82077885
7.3720789
.97186089
-.25019598
7.856029
.24063683
.2305212
-.091667175
.057070732
2.7291856
-.75079393
-.43839264
-.33799744
-.061051846
1.4703355
.0029549599
-.49157381
-.43698645
.51140594
1.3524823
2.7389612
.50832224
1.9274378
-1.6928639
.13251305
.12699986
.082996845
-1.5127649
-.71405888
-1.0798321
2.1602097
1.3978524
.057455063
.52667189
-.013642788
-.34291601
.5652442
5.8237853
-.079463959
-2.0401144
.12126112
-.30438042
.50851297
.069875717
.51534939
2.5321636
.65723324
.59284115
.085924149
1.464416
2.181098
-.20343447
6.3770456
.83458948
.23657417
-.1985445
-.10399914
-.28292131
7.2881165
.28033161
.086473465
-.55891514
1.6098905
.35601664
.46815109
-.057461739
-.54496527
.45041418
2.3842702
.41189003
.11752748
.11368275
.50622463
.95174503
.44383526
-.45460701
.61305523
.99575281
-1.1903095
1.1026192
.22035599
-.8526516
-.59051991
2.622478
-.94194746
.26756668
-.25761032
7.2816005
.49381161
-1.0109949
.92314005
-.41274595
.56454849
.81274033
-1.203536
-.49135303
.6190052
.35501432
1.2490582
.53583097
-2.6997952
.31104517
1.1601086
7.8438487
1.1424551
8.5090351
1.9498439
8.0167513
1.6420741
2.9799838
6.8732285
.021902084
.41691589
-.14849997
-.57971191
.090372086
.15925264
-.087226391
.32692671
.64981413
.011869907
-.17958546
-.39035988
1.6956167
.041811466
.020534515
.10351753
.63875341
.016973495
-1.2551537
-1.2461615
.17734146
7.5432401
-1.4540477
-.26099634
.86453009
.16186047
2.2530475
-.65705109
-1.1436095
.23897266
.29814148
-.037936687
-1.0837238
.39779997
-.042787552
7.8975286
.27250719
3.0276647
8.1947641
.09581852
.080553055
.8391428
-.38700056
2.7997055
.65244389
1.0245681
-.22201252
.53993225
-1.5111046
-.37800503
.45789814
.0063896179
-.66213322
.18917513
.91190624
.17662334
-.24997425
7.3620501
-.51846361
.77727938
7.4727139
.12231112
.13429594
2.0376601
-.078154564
.26261377
.094204426
.65869856
-.49682665
.85468578
.76750469
-.4632988
1.6277018
2.9122357
1.025269
-.10382652
1.3768835
8.5008097
.44045162
-.15597439
.56792498
1.9144115
-.27979183
.024179459
-.37312126
6.1385365
.36827946
-.4122448
1.8322706
.11869335
.89643478
6.84375
1.1699986
-.19936371
1.0383277
.37122631
.26610947
.11035872
-.44820976
1.6696215
.25528622
.98077965
.4961853
1.1532998
.80683517
7.6437821
-.22213364
.020670414
-.29646206
-.19399643
.45990038
3.7379451
.40586329
1.2235384
-.57686806
-.19917154
-2.3306775
.068237782
.2102952
-.18581915
5.0164518
.1259799
-1.4031296
2.8978438
-.092049122
1.0951586
.53583908
.03068924
-.71027756
.075059891
2.4972401
.10792398
-.016798973
-5.3409719
.17830276
-.10008383
.39897537
2.0146456
3.0541635
.12591934
8.2024822
.96138287
.31594467
-.38140249
-.46377277
.0038299561
3.4860179
.61568356
-1.3947034
.38127041
.45122194
-.19004631
.06870079
8.629405
-.052647591
.59944153
.10442686
-.61321306
.028911591
1.1138644
-7.4990082
-1.0518146
-3.9244456
-1.0258217
.18191242
2.7140975
.70416451
-.51486206
.046182632
5.0168657
.44439697
.30905485
.51195526
-.075105667
-.12434864
-.30737829
-.94247437
.33496237
.6145153
-.4365592
-.44492388
.57449484
3.6073651
-.6733942
.9789052
0
.65977001
.084224701
-1.6625476
-.57037687
2.1018801
1.2684569
.96751595
-.4186058
.084753036
.18062305
-.042187691
.58412886
1.045907
-.33685827
-1.8052096
-.4314723
7.5835657
-.35274553
6.4185686
.28815365
.43144941
.024241447
.072759628
-3.031477
-.18954039
-.004137516
.36679602
.80342484
.3147974
.74245167
2.5209007
.80862331
.056357384
-.62874651
.28157663
-.1964922
.0028247833
.75012064
-1.575983
-1.3543897
-1.5646768
.88879156
.52210188
-.0065364838
.065858364
.20458126
-.17688322
-.50330448
8.4194422
-.45547581
.25973845
-.14682055
-2.0073557
.2809329
.21571636
-.29776001
.2459774
7.5545969
-.30330038
.39061928
-.088292599
-.93553305
-.0072460175
.66377354
.6471529
7.6377163
-.70444059
.88852787
1.2551107
1.6565347
.16568661
2.0571485
-.36258841
-3.192153
-.67598534
3.6490335
.32645082
.85098553
.88935518
2.114213
.30401516
.12911415
-3.2304444
-1.1335778
.94662333
.16016245
.89643574
.42754602
.093123436
2.10533
-.11176968
-.0029110909
-.028553963
.2052846
2.0300508
-1.9662547
.43510056
.093776703
1.8272557
-.44157982
-.27354145
-1.7334228
-.16113472
.042094231
.2063365
-.39133644
-.37962294
1.303535
.63005781
.5540452
1.3722539
2.2619796
.44862938
.43138981
.54261589
2.2276583
3.8130698
4.9378567
-.12607241
.65788317
-.51240206
1.0371008
.17161846
.32363367
-.23308468
.092323303
1.3658853
-.25426245
3.2426639
3.5642371
.53551817
.30215597
1.1627707
.25153685
.28070164
.83184528
5.0164518
.52005196
7.5528932
1.8775325
.23011112
.78203964
.26953316
.82769108
-.8113575
8.0709057
5.935225
5.9613276
.46705866
.70645142
.040688992
.25013256
.52118063
-.13553286
-1.72348
.17276287
.13886642
-.6092062
.9030261
.05239296
.20451689
5.5733414
.44294786
.011834621
.47926521
.54480028
.83933926
1.3223491
.34097672
1.6313396
-.98966122
.35055113
-1.7161274
-1.3576283
7.7297354
1.394443
-.19389915
1.6010528
1.1107202
.38742781
.22873116
1.2332411
.12516308
-.88061953
-.069473743
.74964523
.33460522
.40780973
.017901897
1.6010308
.69886971
-3.9827533
.93721724
.017659187
2.9291043
.15558624
1.0148292
-.081017494
.25014305
.64281416
.19522572
.78142452
.32930374
.2675333
.18947983
-.23651123
.79660463
1.1899228
-.87086868
.64865637
.17036819
1.177423
.17082024
1.2640629
-.069079399
-.59399605
.1501441
3.435637
-.88798475
-.53371572
.76544428
.26275969
1.3458333
.3342104
1.0142713
.8262043
1.0050116
.10770416
2.8082871
-.53493738
-1.5414534
.65244722
.066264629
-.091950417
-.16743279
.35819721
-.32470846
-.4554801
-.56198931
1.3661036
-.61713266
-.21944284
-.38882923
4.6288371
-.11180973
.15833664
7.8051181
1.4453888
-.15234089
.58591557
.45708227
-4.4067192
.25117826
.074688911
-.10312986
1.2188921
-.060303688
.25762081
.40022421
1.4667063
.16325521
.13099766
-1.0920815
0
2.2223687
.2767849
.5945034
1.2354302
-.37231302
.29693508
-3.050756
4.4679713
.070538044
-.23626757
3.2384951
-1.2685537
.2541256
8.10357
1.2743683
-1.6838536
-1.5233145
7.2397981
.65347147
.27543449
-.39584827
1.0746808
0
8.095027
-.96303988
.37156343
8.3087845
1.8243604
.57116079
.1666708
4.752069
-.16424608
2.5407724
.061474323
2.3546929
.13066292
-.09478426
.80183506
.0039567947
-.082384109
.23779392
-.052562237
-1.1559167
.96756411
.17627907
-1.15625
-2.1035266
-.046778679
.3937192
-.15703487
.67871952
.12291479
8.7221727
1.3656049
.12714863
-.92732668
1.1539145
1.4380655
.4442296
-1.4740939
.0069012642
.55816555
.67301035
1.3314729
2.56917
.2152276
.40077877
6.4232469
-.8348937
.91863108
6.5385017
7.8340459
.023836136
.32626247
.05382967
.23794222
.13699484
.074935436
-.31911707
.18671703
-.64466763
.25548935
-.25418663
.1531477
.18352604
.041039944
2.9417973
.63408852
-2.0296021
.19255209
.54359245
.054121971
-.50562143
-.10150003
.32841444
2.6056094
3.0602803
.57933807
.59805202
.87697363
-.43853426
.089612484
.7404213
.28652334
-1.2270889
.4992528
-.3859601
1.5387378
-.75997925
.43119335
7.7568374
.085206985
-.036935329
-.0074429512
-.82667828
-.73192072
.36523199
5.8950915
.92145967
.0085163116
3.8672872
-.14252663
.2268405
.059523582
-.99221897
1.8975186
-.050923347
-.56728649
.11464357
-.026592255
-.10916042
1.2261391
.33441257
.28269672
.12012768
-.51000738
-.041862965
-.37716293
-1.2928314
.94432259
.13877726
-.031525612
-.073503494
4.2440209
-1.2853394
-.83336735
4.3290873
.13702297
-.25997543
5.3026829
-.31218338
.01170826
.88114309
3.97439
1.2627501
-.059745312
.090315819
.93073845
-.92954493
8.3072433
.098912239
.40933371
2.7410617
-.1465354
.64903355
.58975124
3.9305995
1.8257198
-.34986544
-.0192523
.39326954
.41896057
.28790426
.37566757
.14685345
8.0561495
-.62300968
-.46463633
.002573967
.050417423
.64379072
.52349043
7.6600556
-.14658451
3.6051772
-1.1940842
6.7345915
.047164917
.13623142
.85441542
1.034256
.69195271
-.050466537
1.1844974
6.4780297
.90114403
.16359234
-.22603464
.91476393
6.4769726
-.58689499
.18332481
.40803242
.016000271
-1.2943339
.024654388
-1.2442493
-.016494751
2.727138
1.4809189
.9919281
.1733923
6.5610309
1.8841896
.15107203
-.62917757
-5.8793354
.57480669
1.1844487
-.96736765
.6668973
.46278095
-.19201279
.46700191
-.046520233
.32924128
-.048753738
.075819016
1.1236587
-.18057299
.3779068
.48318338
-.37162399
.68404198
-.31968212
.3487463
3.864434
2.0913901
.93003845
.62517595
.84946346
-.25415277
-.26149178
2.871233
1.0901203
.26227665
-.40381098
.3494215
.52632856
-.14458084
-.70481539
-.15389872
7.8102007
2.3407736
-.20064402
8.2452364
-.21711826
5.2046933
-.12789774
.38263321
-.14452076
-.82384157
.72784376
-.9472127
.64061689
-.43702412
-.018349171
.12262583
7.5962353
.18700027
.020330429
2.3164964
.52829981
.04412508
.98802948
.20648146
4.4441032
.45931292
2.7274046
.0042281151
1.7835598
1.9144025
.097845078
.26048088
.060468197
.60634613
.10142803
.43661261
1.0732446
.14166832
5.0771251
1.6851974
1.7183337
7.2488151
.020619392
2.9398804
.025533199
1.2215934
1.3165774
.68282413
-.094752312
3.0783389
3.5010576
.91631794
1.9533339
-.2900157
6.9239364
.024168015
.76227665
.20659733
1.4267082
-.25171232
-.10223436
1.2350845
.84913588
5.4518776
-.15062571
.10027409
.56921864
-.31465816
-.0046405792
-.76756907
1.9502721
7.8227954
.24854946
2.604784
1.7210293
-3.3989143
.54311657
-.055769444
-.90638971
-.11727095
7.2575755
.28500557
-.46182108
-.11063004
-.19286537
-.21552372
-.49140787
-.2541337
-.131989
.11092758
.27216911
-.6040473
.33411694
.058840275
.56078815
1.0894647
.10607672
.28577089
6.8401456
-2.1480432
-1.4020944
.96547604
.16264725
.2102952
-.58298111
.95541859
.40971375
.70096016
1.439959
.6248188
.8220005
-.018547058
.12754583
.44662905
.078894138
-.45677662
-.14413404
1.9536924
-2.2781324
.65109777
-.13156509
3.1423969
.166255
.077597618
-3.1386695
1.9430614
.17537308
.12826157
-.2928009
.019292831
.061368942
-.3224864
-.060259342
-.3873024
.53555107
-.10847759
-1.0805564
.22757816
2.2073178
1.4498596
0
.87551737
.028032303
-1.1889749
.87299347
-.35019684
4.9805937
.21008968
-.13940811
7.5885134
-1.7336659
-.036512852
.33274651
-.02464962
.0086956024
.82215595
-.063326836
.11749744
.33855915
3.0428247
.50705338
-1.7649479
.16623211
.68259382
1.2657967
.044090271
.85582352
2.204947
-.14953852
-.24437618
-1.3497763
-.15701008
-.17977285
-.75257063
.26827717
.81807327
1.6859784
-.80700588
.82596779
.65732193
5.8051348
1.7168708
.26441479
-.56523752
.74920607
.13916731
-1.7341375
-.040005207
.15460682
.23368168
.67423677
.2366581
1.1998129
1.0451236
.6422143
8.3172169
4.1981416
.44951534
2.925045
.64999533
-.58050537
.56131506
-.010135651
.69318199
-.089297771
.76292133
-.019646645
-.54956865
7.5179625
7.529809
-2.9796462
-.065751076
.47668314
-1.5249581
-.65164757
.26263189
.3001318
3.5617664
3.0637388
-.40085602
-.61969995
-.044272423
.86467123
1.0764503
7.5755849
.32072353
.71028376
.1779952
.69099712
-.12607098
-1.1229424
-.83004332
.25999022
.67560482
-.27663231
-.31960392
.24122524
2.0918407
-1.5902333
.4914217
.41815996
-.30326891
.41062498
.092123985
-.0039777756
-1.1401525
-.11837959
.033689976
.58545256
.28023291
.46876192
.44337606
