ch_tot_treat
7.3760386
.93891811
7.5490499
.54022789
.16965485
.46814203
-.70524216
-.25775766
-.9989543
1.8185892
-2.4608846
-.14809036
-.22890282
.76839256
-.16869831
.058498383
5.4603829
.34010696
-.14498806
.026488304
.2460413
-.22016096
.48139286
1.1956043
5.9850378
4.7049866
.076189518
-.11063671
.48649359
.077131271
-.062437057
.34826469
-.59243107
2.3493886
.31367302
.12546539
1.2047396
1.1163211
.68092012
.71838331
.18528032
1.3904428
-.085503578
-7.9943914
6.398387
-1.2051411
-.2612114
-.42644739
-.62017822
-1.0018172
1.4296131
-.85295105
.16683912
.79454231
.080116272
-.10136795
.52872849
-.042985916
-.19807053
.43691397
7.1408491
.10561657
9.1996584
-1.7677507
.92582798
.005282402
-.29897022
-.49206972
.61060762
.30408525
1.4127769
-.28528309
-.70140362
-.2544136
.28709173
8.004324
-.042685509
-.3878665
.99131584
3.3069868
.18621349
.83865738
.77001238
-.90584517
.2558012
-.25670671
.2477088
.13033581
-.16534281
5.3772116
-.36618137
4.9004765
.18487835
-.20649052
7.588007
-.15744114
1.7449059
7.9273019
.1210928
-.29739094
-.24790812
-.26425362
-.095155716
.051202774
.47663164
.081481934
.7480669
2.8595357
7.6819062
-.048141479
.52758121
6.9978814
-.25746727
1.001297
.37397575
.42251682
7.1126838
3.7308581
3.7848876
.050875664
-1.2848268
-.1114397
.033577919
-.18309784
.7595396
-1.6463027
5.9452572
.21955872
-.4595437
.10127449
-.15257931
-1.8373404
.24031639
-.64112234
.40457821
.58643818
.94943237
7.8315182
-3.1058903
7.248682
1.0531883
.63808489
3.0536418
-1.0311222
6.4875889
.28879738
-.40483809
-.28071785
-.94660139
-.0046987534
.70682621
.35837317
7.8279634
.46723366
.10495758
.48362446
7.6933107
.33828831
.41251564
-1.9330645
-.13193846
.091807365
.85919619
-1.7698903
8.0893288
-.54567432
-.18770695
.39458799
.27751541
.21794033
-.10037613
7.3725109
.53875256
-.026646137
-1.2917662
.16908169
.59873724
.46718884
1.3756299
-.20375967
.1262064
-.46453238
.16352367
.62072945
-1.3954463
.49523497
.78641558
-2.8255057
.15903282
7.8752141
-.77780199
.16218996
0
.17158985
.79811382
-1.1680188
.88303757
-1.0133066
-.34263706
.21791649
1.8801227
.92834902
.52398348
.12827682
-.70361948
.30525208
-.18990231
.62371635
.38098621
-.078016758
1.1654277
.23681784
-.67579031
.1000843
-.065244675
.69314671
-.51968575
5.4864812
-.97588253
1.5984478
.22683477
.46734667
6.2647071
2.1467586
8.3524656
.67840385
-.31864214
1.5070829
.19326019
.12932968
.64518499
-1.150104
.30072498
1.19313
.21237898
.5885725
-.60271406
1.4503531
.058678627
.44765186
.32343006
.50138426
1.6016412
.16279411
.14090538
.22771311
-1.7778671
-.099882126
1.4046836
.34304762
3.2707243
-.024709702
-3.2861795
.26132917
.12500381
-.73837185
8.1415901
-.47680426
1.187017
-1.6405253
2.1201358
-1.2386956
-.079697132
3.7659776
7.8834934
2.4367857
-.010953903
-.55927372
7.0426683
.12419033
1.3728299
-2.9768043
.7681284
.5209136
.31433296
6.7310181
.031125546
.34654331
-.63847065
-.36469555
2.7656441
5.9527564
.8996067
-.17775154
.099059105
1.6464725
.53084803
8.5871859
2.5282187
-.6552279
-.23696709
.010812283
.61728573
-.11708117
.55031395
.31969881
7.6703992
-.1965189
7.7434592
.38001204
-.083609104
-2.1342139
.74737692
.32824802
.71823931
5.9455843
.19961357
.33102226
1.0282955
-.50785971
.24779034
.27069855
-.47566223
.6826601
.56385565
.40127134
6.1780739
-.72777081
-1.2360826
.60551929
8.095561
-.27296686
.14916182
-.18983126
1.61134
.47648811
-.64580393
1.4260836
.51420736
.12689209
-.077201843
.46220493
-2.1481791
-.21798611
3.3087711
-.73962879
.28655338
-.61573696
-.013547421
.43161964
.60532951
-.12541056
.22992945
1.3780255
.6695962
-.063883305
-.46762991
-.50498104
.4257884
.41635227
-1.5415306
.076082706
.96619511
.41003323
-.54104471
.38800621
.38333464
-1.9385366
2.8023114
.16030312
.25843239
.87657785
-1.1838503
.35555363
.1752224
.48801565
.16431379
-.086046219
.20771408
.2572279
.11340046
.80120802
-.92881823
.6450038
2.0083799
.6380167
2.9184799
-.47366858
.44843674
.16058159
-.34209538
5.1870365
1.6272078
1.7412534
.27122402
.26562262
.3671937
1.1525564
.42064667
.18070078
.17125893
1.4036884
.162292
2.0759025
6.2998681
.41401672
.28478098
1.3187213
1.3712678
9.0285187
-.58746815
.61844444
1.2365608
2.2676306
2.4798183
.081140041
-.24777603
.07311821
.018288612
-.046010494
3.1538014
-.13695288
7.6301579
2.2883272
-.4786644
.030678272
.25390577
.20186901
1.3840199
.62712431
2.5855446
.2498107
6.4755292
.26564837
.57877636
-.78168106
7.8252954
.80021143
.16122055
.78646088
1.0393329
-1.2165022
1.3479066
.23329258
.26391935
5.2841997
-3.029809
.4121294
.33493233
-1.4370131
.44838428
.19415951
1.0130272
.098564625
.11732388
5.611073
6.1242728
.89151096
.077245712
.59133482
1.3282318
1.9067488
.77062988
1.5557928
1.0600233
1.9309721
2.982985
4.974144
6.8700533
.048849106
.99087143
3.9270241
.66416931
-1.3234692
-1.905745
.089612007
.44941616
.053740978
.04059124
-.021298409
.29583359
-1.4447217
.29132271
-.61069822
-.11083698
1.4028091
-1.1732068
-.30208063
1.8446717
.13385677
1.3439946
.12327337
.40924215
.062627792
.64754677
5.1681528
0
.21928978
2.6392965
-.15999794
-.6715951
-.42079592
-.10283566
.53294802
-1.8144703
-.15950727
.30472374
.91356564
8.0146666
1.1916938
2.9144516
.97993374
.36701584
-1.1748266
2.1912498
.65828037
6.0678468
.63943386
-3.2882514
-.24182749
.1640234
.32297277
4.741127
.080429077
.99394751
-1.3486094
.37692928
.11327887
.20403194
.056126118
.26774311
.33445406
.4939518
-.1981945
.32156277
.011252403
1.7668552
2.4380641
1.5155387
6.6000404
1.9708452
-.37064028
3.6361232
.26979494
.37007427
2.1156697
-.19795179
.096538067
8.286994
-.26222658
.79191256
.2805419
.93778324
-1.0134187
.5458107
.33788681
.42521858
.49016094
-.19543743
-7.2895131
-.072906971
.57021809
-2.3080187
-.005988121
.5957756
.14223814
.11230373
.16003466
.49890661
1.6784911
.58802795
-.62274647
.6522398
.52310944
.11908388
.88889933
-1.5744362
.51944971
-.25925732
.15655184
-.010250092
.21900558
-.34852362
.84485292
.36338377
.025624275
.16503048
-.067573071
.27900028
.1428566
5.8691201
-.63916826
2.1669383
.072701454
-1.7713332
-1.1941242
.64542389
1.1329718
-.18179083
.48433685
.074046612
.61864901
-2.8369422
-1.5766411
-.12131119
.034115791
6.0240526
-.11202526
.71760893
.81073713
1.5042896
1.3898892
.3738327
.3554945
3.0292068
1.0527849
-1.1902781
.82981682
-.53215504
.51902008
.3345356
5.4019814
8.1470346
.50703621
.24151325
.53647518
-.21249533
-.049749851
-.74882698
.53841925
.15977383
5.2552142
-.026433468
.20041037
3.3016472
1.3265133
1.4331369
.27997017
.51494408
1.3477588
.3356843
.42841101
.12017822
.30636263
.48264027
7.5230422
.45085049
8.3049278
7.9958963
-.42930174
0
1.0823441
.27177525
.95508623
-.23249578
.30422878
-.1191988
-.98109245
.31355906
.1584444
-.34715796
-1.439249
.38528395
.047866821
.29120541
.6397543
2.4779811
.30850363
.46142006
-.18235493
3.379992
-.59260798
1.00386
-.39277124
.25715542
1.2074089
.21098185
7.8680868
.16380215
2.2851257
5.7762971
.37351847
-.02781105
1.0760908
.26063251
-.41658878
5.3741202
.078627586
3.1180501
.29921865
7.9990492
.2261529
1.8253264
-.26595688
-.37714195
1.4145794
8.1232243
-.041163445
-1.0492668
1.6409054
-1.7435284
-.90209818
-.34329367
.57719421
-.28164625
.35091019
-.50154686
.1501689
-.67366648
.44499588
.14153767
.60214376
-.037538052
.2906189
1.6344285
1.5250878
.60621643
.5790844
1.8180752
2.2571716
-.31557369
.31432533
.28123283
2.6174841
-.240973
-.90044498
.082864285
5.4735827
.3751626
1.8175106
6.2286344
.72538519
-.3845191
.4502182
-.43569565
-.24437571
.30499649
.22673941
-.12373734
1.7547393
-.43251276
.53901911
.80754948
0
3.7271984
-.31882
7.2965403
-.0011911392
.28233719
-1.9259872
.58724165
.074297905
.049026966
-.35242605
.16703415
-.84014988
2.0810509
2.4103103
.99240541
-.3046155
.056074142
.6921587
.19588089
.49488258
2.7969637
.16810751
.46128464
.12817526
.17411137
-1.086863
7.9853144
-.016693115
-.32550621
8.3971424
-.47421598
-.36457634
.31708622
-.84764338
-.16048717
.53019381
-.43608332
1.3524866
1.2873592
-.11512613
.10651684
4.6899118
-.5918088
-.25659275
-1.0939064
-.33482552
.77151585
2.352087
.20417881
7.6468911
-.81030035
1.9228668
.43773842
.62605524
.53436852
4.9362545
.41240835
.29900503
8.388649
.6757288
8.1488428
.8140893
.86509562
.24246359
1.6013808
5.8591118
.02127552
-.18767023
1.2171121
-.047691345
-.18704987
.58371305
-.54126596
.26142883
-.9105463
.45607615
.060111523
.15992069
-.064077377
.022666931
6.7750092
-.22076178
-.25831366
2.2136192
-.010611534
.40559673
.73843193
-.054740906
.62730789
1.9902539
.25111723
8.1747026
-.9316864
3.0503397
-4.3293996
7.5915465
6.186337
.022965431
1.093082
-.215487
.1342597
.53890896
-.2512207
-1.1082721
4.3299108
-.45989227
.8538475
.79285336
.61800432
7.8573356
-.75015879
2.5326195
8.2525768
1.1240535
9.0924015
-1.4419379
-.072061539
-.33721972
-.09543705
.91755581
.31489372
1.1378431
2.9699764
-1.6140842
1.1862822
.45456505
.36295366
.65854073
6.4971519
.33501339
.4347434
2.0897474
-.016057491
.42824841
.13431215
.5138979
.38333321
.37012577
8.5830984
-.77481699
.35074711
-2.3937845
-3.6852715
-.027612209
.33532667
.34292221
.30668402
-.2970047
-.78318548
-.32412195
2.8099914
-5.473845
-2.4051914
-.80169392
.22215939
.3714819
2.1357284
.54913855
6.9265771
.54993153
.33216143
.55524254
3.5798893
.56142139
-.022689819
.37491035
-.028263092
.23563719
-.51083088
4.0083771
.10629559
1.3188982
2.0800419
4.930419
-2.4390535
.35302544
.45425558
-.1193285
2.7082949
2.3045802
1.3324456
.54232073
1.0052419
.1753149
-.20908213
.71635485
6.0069685
.86804962
2.0041699
.0049772263
-.3529644
.45804787
.33584118
1.1372356
-2.0039296
4.5311527
.42393732
2.3441143
6.4685717
.87910175
.096282005
.37449026
8.6032104
.59909439
1.5485854
.46661234
-1.0031838
1.1565676
6.2161069
.45480633
1.6038613
-.54373455
1.0506682
-.19951057
.14637089
-.34912777
1.0473065
-.049736023
1.0151534
.74303627
2.6556053
-.43279219
.26494646
1.4532642
.63350344
.25624371
.58589554
.025424957
.1518445
-.074630737
-2.7642961
-2.6258502
-1.313467
-1.5462837
1.0600715
0
-2.5776796
.65215397
.021319866
-.946455
7.8704286
-.28037786
.49488926
1.5201988
-.4358201
-1.4701419
-.43592405
1.247366
-.50239325
-.13046408
7.8426223
.55685282
-2.6608615
.70061016
1.9272895
.44314146
.30402184
-.15360928
1.4188619
.99103403
.6551342
.23030424
-2.2698455
.34053898
3.7882957
-1.2172122
1.599216
-.062477112
.24533606
-.055787086
.31878567
.16672945
.346735
7.9724874
5.3385143
.17673063
-.090530872
.088670254
-.31257963
-1.0522108
5.5733414
.63903809
.3706646
.30065155
.28975821
.57803392
.063820839
6.8604016
-.20502281
3.8469319
-.02485466
.20188761
5.076735
6.583323
2.864944
1.2743697
-2.1101732
-2.3376698
.45845509
1.0126677
.72986269
.1122241
-.14528561
.91205263
7.3877478
.48911428
1.3739104
.18811512
1.4464235
.49594259
8.1912899
.20283031
.81844854
-1.1057477
-.552423
.43845749
.84202099
-.0067257881
.26753855
1.2226796
1.5189061
.65984344
-.18002558
.45324516
7.2623658
-1.8504953
.29554319
.12572813
.2607522
-.083093643
-.0034036636
2.2786803
7.7628617
.58740997
.086266518
-1.1229053
-.62206745
.64049339
.12126684
.094997883
2.0376592
.51753378
.57731533
4.2440209
.042359352
-.039776325
.31720781
-2.2701278
.041691303
1.0259752
5.3023715
1.1179991
.84647608
-.41947889
.36372089
.27286673
.37971926
-.042403698
.28258419
-.16876125
-.077677727
-.40601206
.10391855
-.4739542
-.061172009
-.22443819
8.3936825
6.5502763
.21077633
-1.4152818
.34573889
-.40067244
-.04178381
.55023479
-.089298248
-1.5815082
-.17114019
-.40239906
-.1540904
.52364063
2.2118487
-.55840778
.17579699
.13567019
.20348215
.31704187
1.0371366
-.4383502
1.2480574
-.60590553
-.16943693
-.028957844
.83297014
-.24052286
-.49130583
7.2012639
7.2860632
.34606504
-.22540331
-1.6951418
.11053944
.40906763
2.2640004
.48075008
.50956535
.49695063
.3126421
.47019815
1.9940147
-1.0307121
-.95183897
7.5179286
.94542122
-.13008928
4.1441264
0
8.91471
-1.6338201
.40200949
1.2650294
-1.3491459
-3.916307
.75806713
-.13504267
-1.7016997
-.11997128
-2.551682
.57450485
.15857601
-.021020889
-.26609898
.38694811
-.43668318
3.7271984
.12426472
2.5562854
-1.1608572
.8776741
.90443659
.17784071
.059536457
.13465595
1.2890739
.02491951
.10984421
1.744853
-.29586029
-.36699724
.058491707
-.85573769
1.5302277
.3643651
1.1544647
1.2010999
6.4185686
.33282566
.14385843
.20564461
-.14791632
.28164577
-.8459034
.025986671
.21926403
2.8991189
-.26415157
2.2991433
.66301537
.35398865
-.20899153
.55961561
.85499001
-.033886909
-.048065186
4.2284794
3.8693321
2.0824161
4.9254723
-.10662413
-.29271841
.029839039
3.3499913
.67530012
-3.2174387
.091949463
5.7956777
3.0821981
.60840607
-.43808699
2.6301885
.11172724
.47149849
.58291531
.24782085
.12348986
3.3772559
8.0158434
.44525957
1.6336432
-.31786013
-.9921608
-1.0282307
.83542204
.56044579
.41668797
2.0188427
-.71740246
1.1080241
8.3786497
.64632511
-.46008444
-.3158536
.20200109
-1.4077053
1.5999157
-.23799896
-1.6751027
.87101555
.029380798
1.4262462
4.3765149
.17578697
2.8151798
-.23312807
-.047516346
.68861198
1.8542542
.30481434
-.28195715
-1.2269626
.81506157
6.203547
4.8352895
-.34049797
.44738293
1.5122409
-1.4110909
-.93453455
1.3267097
1.7565637
5.1028666
-.79591227
.0015912056
.81139946
1.6741862
-.58012819
1.2213683
7.5062141
-1.3294849
-.13105297
4.7012978
1.2745123
.71681213
-.066229343
.60925245
-.15084124
-.64891958
.41179943
.60505676
.41385221
.60708618
7.8940382
-2.5715718
.33397293
.03077507
.16154957
-.96183348
-.89831495
.22454643
-.06618166
.53888702
.33043432
3.0209718
1.322885
.50681067
3.0953665
.042258739
2.1689124
3.6726599
.7229476
.37957048
-.41190243
-.24197054
.72825146
.1586957
1.3487349
.64386511
-.15371656
1.2083721
.62835646
5.6748257
-.39048767
4.8154964
.31438541
8.1878204
-.068885803
.16484833
.19295931
.88451529
.71292782
.67448139
3.5132518
.37682009
.75041199
1.9422665
-.51044607
-.094370842
1.6584921
.09394455
.66897392
7.4744887
.75715923
-.37030554
.05637455
-.36432123
1.6348538
7.6928549
-.19845104
-1.8734941
-.23394299
-.043077946
8.243578
.47327328
-.33724356
.25766277
-.44520617
.76247597
.35504913
2.4165192
.28546429
.29492331
.42573786
.23052788
.21684217
.73124743
4.3514767
1.8230028
.17255926
.070693016
.4730196
-.42425156
1.2855225
.67785263
.35320759
4.0079546
.54839468
.017473698
.51647949
.60762453
-1.0236549
-1.0056543
1.8254046
.64400005
-.95346737
8.3931875
7.0612273
-.034091949
.53166485
-.0031695366
.29925251
8.2873554
.34645319
-.49696445
-.013206959
.07338953
7.7298179
7.648293
6.4387512
-.049092293
1.3909621
.53267479
.13498116
-2.6995096
-1.4965124
0
1.3777504
3.1884575
1.2975159
-.20333242
.42779779
-1.2933178
.29043961
.1257782
4.1395464
2.2640152
-1.4105225
.93557835
3.6490335
.64768839
.88639736
-3.9557405
.53329182
.43875885
6.2832885
.23895836
-3.305512
.64136314
.70655155
-.1750803
.39453602
-.34551144
1.624475
.0034036636
.15502548
.018380642
7.5010133
-.23982096
3.1945896
.10519075
2.7491279
-.19995642
.28019762
-1.1966324
-.73336601
-.23403835
.70266819
.19169569
.45455885
-7.8009238
6.1110516
.11778307
.42715788
3.1297092
-2.8032861
.53300905
1.6381216
.80178213
.074498653
.30459833
-.85238695
7.9272795
.26676702
.55738068
1.3109837
.47092342
.10865402
.0054302216
-.0023794174
.39424992
1.573267
7.9090762
.27356339
2.1222672
-.45712852
-.74971724
.72102499
-1.0954781
.56356049
-.88214874
-.35033941
-.22818565
-.78126144
.39509153
.38401079
-.66840315
4.6745796
-.29383802
.39416361
2.9045599
8.3179798
-.65185213
.043386459
1.6193714
.64232016
-.1983614
5.6642618
.023316383
0
.80805969
.86248827
.42227173
.15454006
.0063896179
.16589975
-.09431076
.41029167
.021751404
5.9577351
1.4612546
.38125753
.17856026
-.46169043
.29484606
-2.9378214
-.28230286
.95306873
7.7675552
-.11645174
-.033743858
2.0618854
7.3090448
.13646698
-.1983819
-.4225831
-.19553089
-1.6101556
.079996109
4.157465
.71171713
-.073040009
.020762444
8.0640469
.35894537
-.5979948
.85458469
1.9520555
.51152325
1.5058293
6.6162324
.53518105
.64990234
.44221926
-2.836165
-.44469357
4.1303453
1.1221299
-.32134581
4.2130456
.98880529
-.14779043
-1.8352761
-.15361023
.41162968
-.063949108
.44608021
2.8103566
-.18163252
.41629601
5.8598957
.50942945
.29039764
-.74491119
2.7395344
.76680565
.040783405
2.7174802
.10545921
-4.7843618
1.7748485
-.23439503
.32983303
.25915432
-.81388855
.81592894
-.77992201
.22466183
-.21141291
-.41954947
.37221813
6.911623
8.2353277
-.93916702
-3.068294
.50123215
.031768799
-1.3427758
.58125973
.63150311
.59738636
-.10984135
.22898388
.22319698
-.29160881
.51987553
.3093605
2.1586676
.33203554
.57599783
1.1175218
-1.0456872
.54204416
-2.7010918
-.79797077
-.41287279
.91846275
.037286758
.93019819
-.13418388
-.25863981
.4844985
-1.2635651
-.35092211
.18583012
.30543613
.093604088
.24859715
8.1260004
8.3217859
-.12781096
.82901001
.82853127
-.91897154
-1.8490157
.38684607
-.8398819
-.69586754
.94262409
.16597271
.62916851
4.8357859
-.052185059
.7047081
-.11944675
.34803104
.0067586899
-.20114136
3.0652771
-.96540928
.067139149
.30388975
-.14229059
.27193356
.7350831
-.30733633
.056441307
1.1893468
6.1518016
.33981895
.087256432
-.35789871
1.7065015
-.76203775
.96306896
-1.2609749
-.08601284
-2.7927914
.23081779
-.51266479
1.527257
-1.6163621
-.37720633
.42262363
.11421108
.95381308
6.4966807
-1.5403242
-.36438036
.34121084
.47898817
7.4030228
1.2890267
.50471687
3.2029643
1.0047855
.12348795
-.37874556
-.84342861
.68104744
2.8155532
.63737583
1.270256
.86586809
-.55204153
.12864876
.78014326
-.70717716
1.4309535
-1.318758
.44497061
.19901991
.7913022
5.0964308
-2.8928456
-.13998175
.05426693
1.8763413
-.037808418
.066776752
.19666052
.042031288
1.7313509
.63555193
1.6869936
.32746935
.81872129
-.064304829
-.4749999
-.41342449
-.026909828
.32131577
1.8206081
8.234499
8.1112347
.4298563
.35337162
.13689756
.48162174
-1.5380054
.32944536
7.758307
.25575542
.51474667
.36870146
.63267279
-2.7587299
6.799613
.84694099
.85326815
-.10055447
.76154375
.27194262
.20440674
-1.1217799
1.1876507
1.1564956
1.5336723
4.6138821
.1500721
.33574009
.93391657
-2.811069
2.9559269
-.03151989
.3796792
.49767876
1.4577727
-.34727478
1.7370472
-.35349512
-3.4317365
.48095274
.28882217
8.5274401
-.99194336
.29374695
.76821518
-.73569298
1.0381804
-2.0990124
.62373447
.76163054
.67629814
-.25324535
.33565998
.18205786
.47546721
-.055506706
-.026477337
-.00045633316
1.0221167
.51627588
.76944828
.12651682
1.1913652
.7074666
-.41458797
-.28367519
.14534998
.56102896
-.12478018
.40082455
.38021851
4.9269137
.94034815
.68265629
.7616787
1.3611131
-.48328829
-1.3246589
-.39353466
-2.3801699
-.61502314
.39380836
.21450901
.46713638
-.31309175
6.6081691
.71031809
.90722561
1.0440426
1.0447516
-.098398209
1.2974701
7.9484735
8.5789938
.61352921
2.065949
-.21475792
.30505562
-.23373842
.28734398
.24226141
-.12963104
.4222374
.045517921
.78589201
.72037363
4.3299108
-.76575279
3.7271984
3.4242234
7.7648797
.34968901
-6.4889879
.74875021
.52037239
.67371511
.42013693
.13447618
.38228178
.97626066
.49072742
.29862309
.9421792
-.20945787
.45069551
.044411182
-.021565437
2.0338416
.48664379
.59004688
-1.4112611
8.0094881
-.6678319
7.9627204
.45845938
.71492147
1.1385775
.34179115
-.19576406
1.0270371
-2.5696478
.59700298
-.32786417
.24928999
2.9273171
.052922249
.40066051
2.1422172
1.726449
-.14863396
-.15478134
-.016194344
.288095
.30155611
-1.1105366
.0013895035
.077465057
.48158169
.63097811
.10694361
-.29888821
-.96462011
.47813034
-.076014519
.88807774
.3426013
.26175117
.034343719
1.4470158
-.53885984
-.2542119
.35312414
-.37078285
.42201138
.61606312
5.2716417
.25454187
-.21546459
.25945139
4.1981416
.48712349
.85337782
-.67717314
.81039381
3.7512887
8.6921959
-8.344327
-.69547033
-.97118998
.066695213
.74996948
.15027714
.48730183
-.80276585
1.2041659
.0095696449
.22070408
8.0105257
0
.54917145
-.016605854
-.063896656
-.055699348
.41257715
0
-.1646328
.11143112
-.40847445
.25229788
.87191439
2.4390464
.23438263
-.15858841
1.0497713
.43162727
-.35037231
-1.4260912
-.35485554
.25664377
.71760702
.53986406
-2.0139179
1.1981401
6.7679901
.32477665
-.59601736
-.95118523
-.40546513
.098580837
.013622761
.67640352
.046671391
-.42398405
.36782932
.33031845
.57160759
.59853458
.90177393
-.010768414
-1.0969982
7.0900769
0
.62810993
1.8625522
.079792261
-1.0381989
.26043224
.94738102
.71164274
-.20371246
1.3759546
5.5368419
3.4481161
2.3045363
4.1368895
.2401619
3.3263817
.73046541
-.44710112
.17861319
1.3615913
2.1943712
.96453571
1.6214485
-.23841286
.51036119
.31450939
5.6423502
-.16836691
-.34658289
-.65498257
5.8320656
-1.2671676
1.2312946
.3802948
.17466021
.97766352
2.6075482
.52611637
1.0286198
6.0317364
-.12900114
2.243217
-1.7553921
1.609159
-.36638355
-.051218033
.079572678
-1.3830214
.88376284
-.22389126
.56163025
-1.6004281
-.24589634
-.59802341
-.37768793
-.13868141
.26261234
.34128904
-.73276329
8.250946
-.11119509
.45898819
-.92871475
-.21275234
.9877944
1.0807652
-.20347595
.13288212
.040308475
7.3215194
-.092112541
-.46438169
.32569981
.56821823
.17043304
.084764004
.38018894
.26271725
.37310696
-1.1535006
-.08369875
3.7540731
3.6017356
.13849258
4.8451519
-1.3239002
1.2712631
.43099022
-1.7614813
7.9429841
2.1337214
1.4156923
.44774628
4.0065689
-.97640133
.3855114
.20349503
5.3504429
.36223602
1.6297913
2.2140355
1.3559999
-.12241125
.52786732
1.1368475
.84213161
-1.3505054
.080376625
.26383781
-.69751024
.97384214
-.027116776
.52786732
-.13808918
.030066013
-.01020813
.11474848
.37360859
.65862942
.093481064
1.345386
-.17227936
.42115116
2.8508615
.024949074
3.8493829
.20694399
.17910528
-.37637138
.27193356
.010902405
-.4553318
.55652761
-2.5920954
7.6241002
1.2510333
0
.01945591
-.4410162
2.3872457
.12328196
.21961927
-.69456768
.05160141
.74509192
.085078239
.370749
.77786922
.25258636
-1.6340413
-.37152195
.42645979
6.0243549
1.0523963
-1.31076
.64111996
.37385893
.63664961
.52646351
-.24852848
-.87358999
.9638238
.84102821
.63929176
.3399601
3.9355757
1.1150546
.237463
.12416506
.38038158
.012630939
-.025413513
.64143467
.68939018
2.8629556
4.315649
-1.2307363
-.63357449
.86418438
-.61950874
.50937414
1.4954295
.48932886
-.49185801
.57170916
.66150188
1.2560763
1.1912994
.39913797
.24188185
.79478884
.49584913
5.5707273
.66741228
3.3617673
.85627985
.6522398
.88953638
.05474329
.066393852
.53730774
.4186101
.07994175
.72883081
.10033894
-.12252617
1.3193288
2.2377553
.401793
4.7012978
.47907639
7.6439619
.31604385
-.45206738
4.4622078
-.41907883
7.8536048
4.5505819
.85334396
6.4966807
2.1890945
.20559931
-.042502403
-.90796614
7.8001118
.33879423
.83476639
.20708323
.093898773
.56112957
.088684082
2.5057483
.5035429
.765131
.38062477
.32029438
2.0529737
.37909985
-.21430969
.72143364
.011573792
.62664843
.27193356
.2521925
.54279089
.21768284
.20616341
2.8208456
1.181251
.0063018799
.3388133
.35173082
8.1139135
.54004097
-.94759846
2.3412447
.49751282
.22972298
.30927753
.27193356
8.0188723
.81715298
.2063365
-.1843648
.2197485
.14104843
.2682023
-.45880461
.23505211
.84551573
.45578289
.33492804
.50751019
2.8778734
.13133335
.27535439
.48256683
-.54672003
1.1430016
-1.8141432
.81583309
-1.1139421
-.043530464
-.23259354
.23677349
-.32494402
.18732929
7.4459648
-.83854818
.12350035
-.414083
2.6157935
.8029623
7.7662315
.63394403
.5326786
.47974396
1.1401968
-.21670866
1.0118842
.81531143
2.019793
.061861992
-.68584204
8.5866022
-.41410828
5.4832392
.55629873
.29360819
-.38666725
.86281872
1.4671593
-.082857132
1.0539913
8.5860195
1.1029372
.81662941
-.33058214
-.377985
.14257097
2.2122674
-.10054493
.47293234
.052289963
.92196798
2.087687
.72915792
-.75715256
.13330078
2.8829346
-.86563921
-1.0288215
-.07993412
.0028252602
8.4750681
2.1389623
-1.2927051
4.4090033
7.5773778
-.080891609
.05038166
5.6960444
-.35859251
.53894615
-.58672762
.57756567
0
-.62962866
7.4656196
1.332799
.71805096
.85681534
3.5081244
.49055195
-.20306921
.87757063
1.981184
7.6513877
.32319164
7.0283675
.38981724
.21421814
.64370823
-.97521687
.9482255
-.11617804
.015449047
.034112453
7.5161614
2.2476854
7.533092
.45830774
-1.5971208
1.0739746
0
-.5509038
1.7943816
.3496666
-.64178658
-.79470348
1.5205832
1.8430972
-8.6381454
1.5449739
-.36111784
-.1515317
.2955122
-.35500002
8.0796566
.34210014
.17076445
.52336025
-1.9350195
.050524712
.33857059
.036304474
7.5297422
-2.2566667
2.6711178
1.0741014
.45480824
-.044902325
.38623095
.95205688
-.47689819
-.046448231
-.65129614
-.26919746
.27663136
.89472198
1.9871755
.12762356
.23449993
.28991365
-1.8966451
1.9162369
.34288502
.54629183
-.1037693
-2.8907804
.25242043
-.42650032
-.32911968
-1.5478625
.65684319
-.095003128
1.2651854
.4183526
.11098862
2.0276608
-.21603823
.17286491
.16424751
1.2824893
7.3858509
-.24472713
.023311138
.75502396
-.61737776
-.031243801
.38441849
