ch_tot_tl_treat
.91869974
.17846107
.14773655
-.14314365
.080940247
-.55961561
-1.7276211
-.13388348
-.16150999
.38559866
-6.6581945
.34755421
-7.7530103
-.23064184
-.194911
-.064705849
-6.284667
-3.5354781
-.15838051
.040068626
.12053871
-.52564478
.97883511
-7.2494183
1.2009554
.34437752
-.33244038
-.25711823
-.57125759
-2.0370092
1.4018621
.075344086
-1.4405012
.61880922
.2847147
-.42636347
-1.0960598
-5.1677656
-6.1870899
.53738499
-.43171263
-.84198856
-1.5932732
0
-7.2241287
-7.2025547
2.7124076
1.1204495
-.82185888
-1.9266043
.68425846
-.87461567
-.35330534
.67693233
.35534048
-.75985956
-.381567
-.39122629
.71085262
.50283623
.0075473785
-.25127697
.052969933
-6.4995723
.32894659
.017951012
-.62695837
-1.0404496
.53223467
.11148548
.30205107
.35781384
-1.7719793
-.47571516
-.75353336
-.38923025
-.80767918
-.78872728
-.0057163239
1.4473305
-.20599937
.73795366
.32239342
-2.4975338
.071166039
-2.9711156
-2.7972364
.11707878
-.11029625
-.58762312
-.80440712
-.91675568
.008289814
-.70547009
2.494287
.033540726
.017891884
.56973982
-.060170174
-.080165863
-.14296007
.3063426
3.2041116
-.061417103
.41324425
.0031099319
-.29659414
-.17298269
-.23402309
.43493176
-.19636631
-7.8240461
-1.3342218
.89716959
.17525959
-.099427223
-.2078228
-.35233974
-.65624428
.024225235
-7.5757313
-.16854239
.67400646
-.59798527
.014396191
-1.6309714
-6.7704616
.218009
-.69760132
.17351246
-.44435596
-2.6592598
.018948555
-5.8398108
.57536411
-.12556553
-.25670862
.18734884
-5.3713021
-1.4039941
.071128845
.2172451
.32328701
-.90714264
-7.3134108
.38713741
-.78624535
-.50821972
-.56080008
-.02862072
-.28531933
-.37103176
1.5369339
.18115044
-.3712554
-.25369596
.25486422
-.78739405
.31173801
-7.159514
.18151855
.13550377
.30800533
-6.3241029
.044268608
-.54694891
-.32970524
-.32165384
.11365604
.31556034
-1.3017907
-3.4413366
.67176723
-.38263845
-1.8676462
-.31069708
.0025148392
.39067793
-.023530483
-.66760731
.15926552
-.96012783
.34043217
-.55459499
-1.4632726
.31194115
.86882496
-5.4954104
.34025335
.60504913
.089581966
-.2950902
0
-.2876606
.23753643
-7.8567619
.5214138
.087626934
-.44117069
.36179066
.13970375
-5.5243139
-.31407976
.11448097
-1.1872592
.23590183
.17154312
-.19897366
.73089552
-1.2118077
.31909847
-.097163677
-1.5163517
.096992493
-.016035557
-.19270372
-.6244359
.27161169
-7.3132205
.68404102
.21231842
-.12637234
-7.0903149
-1.1778092
.25911808
-.85959816
-.29144812
.45972729
.36129379
-.062617302
.40800762
-1.8264613
.24736118
.81193018
-.3264842
-.22388649
-.69798088
.19635105
-.21709108
-.080989838
.42594767
.30507565
-1.5324779
.19664955
.32404995
-.62031937
-3.3770998
-.25354958
1.2314262
-.32502031
.19911718
.17739201
-5.1889806
-.067429543
.12146187
-2.5965548
.5389967
.5474844
-1.2020726
-7.1427145
1.2628508
-3.2215595
.1000886
-2.402236
-.0074748993
1.1454964
.5039196
-1.2270284
-7.8688555
-.43345928
-.11607265
0
.045618057
1.1158404
.13103199
-2.8735538
.23514223
.48050356
-.83138466
7.5440969
1.7850027
-.39677095
-.12506056
-1.0028868
.30029202
.7131691
.54027319
.46024609
-.31710196
-3.3819661
.072575569
-.09221077
-.021101952
-6.8030295
.39545631
.032499313
-.19281864
.31871367
-.22416067
-.21771193
-.1981554
-1.6537676
-.063076973
.053920746
.059721947
-6.7707896
.28090286
-.030278206
.18737602
-1.3126669
-.23804379
-.88205624
-1.3924794
.44847202
-.18076324
-1.4400072
6.7525301
-4.1882353
1.1102147
.3006773
-.22166204
-.45583344
.3847928
-.35952806
.055287361
.27193403
-.9425149
1.0186901
.059226036
.13690853
-.3164134
-.11314964
-5.9192777
-.29914236
.18061686
2.3085618
.36422539
-.63806581
.14578247
-.31111479
.094830513
-7.9399223
-.055797577
-.47579908
-.64598656
-.18401098
-1.3969202
-.49213552
.23873615
.11457157
-1.6159582
0
-.0096101761
.11555386
-1.4020724
-.70009804
.21253681
-.16626549
-7.0097961
.032029152
-.37517929
1.0835357
-1.5284729
.19666958
-.040282249
2.9891095
.065737247
-.13196993
.11321354
.42521143
-.26585674
7.5632582
-7.2307701
-.18920612
-.015592098
-.29688835
.78579283
-.52972078
.48997068
.034264565
.0044569969
-6.0105667
.71820784
.24880314
.46641922
.63006926
-.026927948
-.18284655
-.64210892
-1.6892867
.29692841
.67920446
-1.6315188
.10144806
-7.1255131
-.48042011
.050256729
.27087498
1.197639
.41051006
-.80643988
.016355515
.60826302
.58099079
-.18107605
.23237467
-.18332434
.060193062
-.27533388
-.0034160614
1.4782867
-.21819401
-.56027365
1.7357607
-.60552406
.33972263
-.22717285
-.32027626
.48894215
1.2577281
-.85547113
-.17880487
-7.3013406
.22402048
.32949448
-2.1700735
-.22384691
.27952385
.22837877
.44628859
-1.3715248
-6.9906511
.16596031
-.34175873
-.066550732
.30783558
-6.1420374
.045401573
-.18091488
-7.0035849
.074064732
-.07324791
-.1514616
.022298813
-.72515202
.33647251
-1.8727856
-.18964577
.039008141
-.31791449
.047550201
.038171291
.19077969
.715312
.43267632
-.83841753
.013096333
-5.7969255
-2.71559
-.015663147
.15634632
.032260895
.10095215
-4.2308779
-6.8790617
.056687355
.031801224
.3822279
.31544256
-.16907644
.077824116
-6.943398
.20229244
-.49163342
-.037824631
.67475986
-8.1788387
-.63068962
.34606361
.13457298
-.01942873
.47600174
.24361706
-.18591452
.30879593
-.8847518
0
-.3703742
.58812952
-.16697311
1.2202411
.098688602
-.19083643
.28119183
-6.4668112
.12914944
.21599388
-.15617466
.11641026
-.074811459
.46923161
.22261858
.54059267
-1.3492923
-.5183382
.0044755936
-1.9658475
.052480698
-5.6068521
-.16831589
.19933701
-.67725325
.20439196
.11423302
-.16202259
-7.2393174
.62694883
.76312971
.066776276
.084019184
.091281891
.2541275
.72532368
.015460968
-.45436764
-.25495815
.52452421
-.36201668
.36898041
-7.4259539
-.59789991
-.56243324
-7.7155061
.11681271
-.19664288
-.022699356
-.40244579
.17635441
.18506432
-1.0504837
-.045580387
.50245762
.17538738
-.29213667
.69087696
-.085353851
-.77974176
-.014358521
.38752365
0
-.46155453
-.95352793
-.81131983
.29833126
-.58003283
-.2539773
.13688231
.28261852
.59941149
.46641493
-.019818783
-.73237085
.66052198
-.72199249
-.012400627
.041578293
-7.4301987
.58863926
-.61903906
-.18654394
-.38220215
-.16928101
-.058840275
.52887487
.14205647
.18730259
-.041243553
-.34357834
.13156557
-.27350235
-6.6942086
-.69920683
-.25708914
-.09793663
.44058657
1.4578414
-.85663319
-.17165852
-.36486387
.22595739
-.77191734
.374331
-4.9168477
-5.6327467
.050552368
-.35575771
-6.849369
-.25739336
-.015172005
.69972754
1.2620568
.68047476
.49516582
-1.7139668
-.09350729
-3.7703261
-2.4721947
.079510689
-7.4045401
-.22417927
.30195999
.4811635
.44726706
.60477352
-.087879181
-.049436569
-.19522476
-.33439922
-.092434406
-.039731979
.0080747604
-6.0789518
-.29894257
-.95646667
-1.3602166
-.036249161
.84356642
.0087623596
-.48615646
-1.2413263
-.080069542
-8.0886497
.92708063
-.46611023
.016741753
-1.0552154
-.035965919
.022406578
.43080044
-.38308334
0
.78365517
-6.8031883
.15315533
.19910192
-.36425304
-.27460146
-1.6064258
.26372814
-.50017071
-7.8298006
-2.1803174
.10431814
-.12789154
-.073251724
-.27993393
.40049505
-.013841629
-.79811382
-.33678532
.088294029
-1.7356148
1.1658654
-1.2126188
.14588547
.40886974
-.40512133
.0036888123
.40998268
.045362949
-1.7325859
.067802429
-.3139019
.076890469
.16754818
.16253662
-1.3669944
.17747879
.74704552
.21869802
-.14418173
.25645351
-.28463888
.15031672
-7.5496092
-.14233112
.59907484
-.46738911
-1.7307396
.16276264
-5.839395
-8.2889652
.32351303
.87983179
.29395819
.24678898
-.29741096
-.3013792
-1.7888432
.16816711
.12584686
.3689003
.53555393
-.15740299
.43105268
.0049209595
-.11620235
.36565399
.15332317
.561306
-7.9638577
.59047413
-1.4887471
-.51402044
.58059883
-1.3376608
-.054226875
-6.2978983
-7.9725151
.39501286
-7.054203
-.07708168
.015808582
.061060429
-1.0391493
-.76279402
-.16049576
.19198608
.233603
-.90719032
.51082563
.62207127
.34706306
0
-4.5402508
.22400427
-.52406025
-.36347008
.46912527
-6.6208348
-.0048418045
.097869873
.12955523
-6.9499936
.97644138
-3.8005085
-.008846283
-.3759985
.51851273
.55746269
-.017516136
.6689682
-.10265207
.13926888
6.3876271
-.32655382
-.042633057
.09418726
.16294193
-.79244518
.13645124
-.19711113
-.40731907
.28704453
-.4793582
-1.6372752
-1.3677845
-1.3499265
-.38421822
.44879818
-.98975229
.15527248
.27151966
-.51421642
-.19186115
-.36118698
-1.3634419
.3409276
.080330849
.2298708
.50084114
.19132996
-.47074747
-2.19239
.87469721
1.1118898
.27068138
.051848412
.29806137
.092237949
-.10862255
.31138897
.27660561
-.004073143
.12712193
-1.8687716
.64056778
-.23831034
.61189795
.21639252
-.15774345
-.21060324
.35661554
-.56264925
-.34807253
-.076266289
-.84654379
.41568947
-.26358414
-.53942442
.084747314
.26584482
-7.2394199
-.39027882
-7.6010451
.11909533
.96503448
.51391315
-.2094779
.035831451
.44821644
-.39332628
.7012167
.71417141
1.2510781
-.21962166
-.32092381
.05974102
-4.8620248
.16478157
-7.011858
.10814762
1.2614474
-4.6344976
.31168556
-.27223778
1.2774758
-7.5112901
-5.1491542
.25300598
.51278496
.19497204
.20036221
-.10062122
-1.1262832
-.97372723
.275177
.22294998
.48968887
-.60046244
.0076751709
-6.0112672
-.69009352
.36660957
.31243372
1.062583
.29907417
-6.7541046
.38821173
.16862869
.28381252
-.67935562
-7.3229823
.49231625
-.54229784
-.10919142
.10743618
-.20786381
-.14988613
-.095581055
.26591492
-.027921677
.11432076
-6.7709532
-.21237135
-.69823647
-4.6122875
-.33175945
.55473709
-.34182501
1.0048018
-1.0130544
1.2511835
-.51861954
.36685562
0
-6.7031879
-.64596891
-.23139906
.0076885223
-.10487413
.29375362
1.0624967
.13938427
-.21831703
-.29076433
-.062880516
.49764729
-.01882267
-5.8801341
-.057480812
-.098008633
-.092716217
.63865566
-.16908693
.20802546
.92989492
-5.753026
-.66904974
-.22736073
.25332451
.47380018
.27802134
-.33857918
-.015054703
.43493605
.04703331
.3789444
-.90337086
-.70299482
.25131464
.19329453
.26560783
-1.0856109
.32927799
.13130569
-.4737401
-.20545483
-6.5339966
-.75030565
.5509367
.52812862
-7.2943773
-6.7205648
2.3108191
.066619396
-.16836357
-.59939814
.34351444
.44037199
-4.8883781
.098893166
-7.0416617
.32868767
.8783474
-3.6459403
1.6943607
.04205513
-.78302288
-.024786472
.9090457
.00088167191
-.30657721
.28866768
.31705427
-.17805815
.28907013
.74157715
-2.223587
.1232357
.07980299
-.47890568
-.68991423
-.021511078
-6.1575842
-5.4343457
-.33990479
-6.9081836
-.1615572
0
-6.2647581
.93188334
.10326767
.90712786
.15709543
-7.6255951
-.18927288
-1.1625991
-1.275032
-.51819324
-.56470346
1.2624211
-.37179995
-.27275467
-.022095203
-6.2441669
-7.0662231
.99225712
-.1548543
1.5843248
.23376846
-.27315617
.31635523
.18168259
.34211922
.53251028
-6.8495207
-.18645477
.25691032
-2.4481983
.0034799576
-.30705166
-.5536871
-2.173492
-.37715912
-.30132484
.0043230057
1.2725239
-.044198036
-.70302534
-.039848804
-.2834816
.30610132
-7.7782116
-6.3978815
-.056142807
-.34700775
.18338013
.12460613
-7.7407265
-.2223978
-7.6864901
-.52710438
.23222828
1.172543
-.99593163
-5.8998976
-1.7571893
.47943068
.12151814
-6.7117405
-6.5910854
.047622681
.65089798
.32571316
-7.4260387
-.65560579
.028812408
-1.6051483
-.06517601
.51768589
-.90375042
-.35338593
-.46667576
.26736927
.75325203
.18889856
-7.2597194
1.0539255
-.10737801
.24382019
-.51935339
.037010193
.64152336
-.10289383
.29580116
-1.1740365
-.21578693
-8.0886497
-1.8919353
.5857935
-.84969854
.25354433
.77161264
-.15581656
-.90902567
-.18612385
.12462521
-1.31604
-1.6582279
-1.8577394
.58019733
.0012369156
.012708664
.11320019
1.1314015
.031252861
-5.0625949
.074108124
-.42032814
.24579048
-6.7541046
-.38756466
.5762825
1.2077608
.87878323
-.013892651
-.83449316
-.057551384
.025058746
-7.5422893
.17288113
.89000702
1.1370049
-.084008694
-1.9661126
-.050643444
-.19405794
-1.121789
.93361473
.29645824
-.87383175
-.86473894
-.15319681
-6.9223623
.020185471
-.99292469
.39831734
-.46285152
-4.3513899
-.52120352
-.81218672
-.15628767
.77595615
-.7787447
-1.0877609
-6.9570894
.17181301
.049851418
.75833511
.53934097
-.017578602
.047989845
-1.2672353
-.54727602
.052896976
.59835052
-.96584415
-.2637825
-3.1618385
-2.961422
-.25518322
-.94953442
-.69018888
.0058751106
-.041547775
.03438139
.025482178
.070173264
-.094424248
.26234341
.10152054
.60180092
-2.5231071
-1.5016894
.2803545
.33749676
-.41087294
-4.9618454
0
.70501137
-6.7706256
-.56006908
.26892614
-2.6581759
-4.9168477
.19599724
.018608093
-6.7455726
-.69060659
-5.3713021
.0082616806
.22050142
-.14312696
.72585869
-.35333586
-1.0638537
-4.5402508
-.061986446
-.63068581
-7.2341771
.49653339
.52708912
.16251898
.092786312
-.16517448
.22846603
.072272301
-.54818249
.46026611
-.32138491
-.38963842
.26679468
-1.4574542
.030513763
-.18644428
.67453003
.33082008
-.4554863
.56787348
.1194067
-.14529657
-.46524286
.14795876
-6.9292374
.72083378
.25244141
.57188606
-.5934844
.66998863
.011674881
-.22237301
-1.2789359
.30927658
.39903021
.83959198
.095504761
-.13610172
.044060707
-7.7438269
-1.1313338
-.29936409
-.27210522
-.5548892
.13617611
.463974
-5.0616903
1.0439291
-.42200518
.46715069
-.14236355
-8.0229902
-.24956799
.40154839
-.20317268
-.24404144
.73921347
-.092427731
.65508366
.96776152
.17037106
-.11713552
-1.0161715
-2.9660697
-.6823473
.031132698
.61406517
.44395065
-.61616468
-1.7153206
.25424576
.32242966
-.11155224
-2.0008097
-.25382996
1.0720658
-3.8132269
-6.2016678
.47883463
-6.936204
-.82711887
.18659019
-1.2817712
.18753004
.52967215
.8220849
-.95698786
.010807991
.21895409
-.14124823
.28962803
-1.6751232
-7.4129367
-7.9125276
-7.0290875
-5.6574893
-.44587564
.17655182
.081794739
-6.6110806
-.80759859
.41506433
.76220036
.52223396
-1.9578137
-.50168705
.089436531
.23088455
-.96758366
.51067734
1.643332
-6.7945867
-5.3018823
.65862179
-.36143446
.46641827
-2.6758871
.24150372
-.63697672
-.75780153
.11105633
1.4302096
-.2174654
.89431524
.67151213
-6.2849336
-.54011917
.081628323
.39037228
-7.3231707
-.40865898
-.084143639
-.25657749
.21176529
-1.9016457
.55815315
.22554207
.39881563
-.49065256
1.9213953
.85953379
.31695938
.35749149
.34268045
-.48333168
-.31300783
.41490746
.25417948
-5.5524058
-.37307262
-1.6767364
-.0081624985
1.0697508
-6.4995723
.016877174
-.029675961
-7.9434786
1.010407
-.26736641
.32087183
-.96025133
-.041543007
-.051914215
.18625355
.2813158
.32621384
.25090313
.3502512
-.81244802
-.15461826
2.8664742
-.47945499
.88062
-.01619482
.83381462
-.38367462
.076361656
-8.5618935
.67952442
-.42379475
-.6868248
-5.7754383
.24723005
-.064702511
.021524429
.90399361
-7.5608244
.94125748
-1.1249475
.55876732
-.24324799
1.01577
.1517725
-.59669876
-.2196722
-.11428261
-.23715496
1.129478
.40708256
-7.4552984
-.19477892
.39768314
.46664762
-.60566998
.38340759
.32830238
.17829132
-2.3115783
.81066132
1.9328251
.036511421
1.1655531
-3.0968313
-.33599758
.25631142
.1999402
-7.2694178
-.15700436
-1.6298537
-.75947714
.10335064
0
.55937529
.75015926
-2.1208758
-.91296196
-.0098776817
-.94580364
.092838764
-1.5660534
-7.2645302
.68084669
-.2893858
.015602589
-.66831398
-6.1265574
-.81662798
0
.48070145
.71009684
.35550499
.2618494
.080313683
-1.3375039
.2768507
-.59995747
.73631811
-.33498669
-8.0887375
.69535208
-4.4609699
-.24612713
.38684464
-5.6574893
-.8426652
.23673725
.33216381
-.17547417
-5.9379129
-.11158037
.25988483
-1.1349535
.042697906
-.86839867
.33884811
-.31758213
.38404179
-.040629864
-2.2493024
-.30254173
1.2309403
.16317844
-.11346436
.94284153
.52934504
-7.378027
-1.636498
-1.7002225
.65042877
-.81131887
-.12717724
0
-6.9364815
-.10966396
.57779694
-.76533842
-1.2734849
.11134243
.10079956
-.28900528
.14464188
-.9748354
-1.281641
-.17235613
-.22793865
-.15429592
.51865339
-.027858257
.5902009
-.061747551
.17116642
-.0653162
-.28746319
.55423164
.41005754
-1.6476951
-.015444756
-.97492075
.21784306
-8.190711
.20884991
-2.3899312
-.73257303
.098788261
-7.5830293
-.33164978
-.54724026
-1.9773769
-5.4959965
-.68876314
.48250341
-6.8338013
-.069272995
-8.1419802
.062457085
-.29001141
-.34790039
-.32458067
-6.4889879
.31881857
0
-.64349651
1.3885827
-.56750298
.07764864
.058696747
.041872978
-.025079727
-.071052551
-.23500109
.33481216
.091486931
-.60667992
-.47177744
-1.0652103
-.20847416
-5.7964916
-.52773952
.36759663
1.4869118
-.98039293
-.087636471
-.73213196
.026611328
.072615623
.54012966
.035652161
.017136097
3.4636371
-.69720554
.27313662
-.039648056
.091381073
-.89595747
-.091684341
.20067072
.32788849
.17914581
.21174145
.20098209
-1.2599339
-.057637691
-7.1138401
.064227104
-.18030357
-4.9678273
-.21243286
.5126133
.52626133
-.34042835
.3523016
.72289371
-.56626511
-5.9565773
.03984642
.35282612
.63789272
.24639893
.1127305
-.19753981
-.4109683
-6.6849689
-.069474697
.68766785
-1.0317545
-.29030609
.13955212
-2.2786055
.32679129
.66830921
0
-.70581388
.53847933
.076669693
-.44159698
-.28334141
.42254734
-1.0527964
.4631424
-1.2111797
-.96046209
-.15309
-7.737741
-.013244629
-1.0305963
-2.9383113
.26845074
.49200487
1.560626
.62487555
-.44211769
.590765
.12081432
-.091981888
.22778034
-.029452801
-.09559536
-1.1083493
.052306175
.56880999
.34797955
-1.3537436
-4.9214573
.4638114
-6.3238468
-1.0794849
-.36439133
.46320152
-.32738447
.25982761
-.27742577
-1.5543876
-.6816678
-1.1486797
-.67433786
-.054488182
.18840599
.10646629
-.39723253
-.45908308
.50987053
-.66065168
.51390457
.42374897
2.0939693
1.8697178
.33733082
-5.9756255
-2.7430682
.74320459
-3.4635677
-.12123203
-5.6579881
-.7379694
.61062241
-2.0080528
.46434021
-.24715614
-.26549149
-.10692024
-1.2318091
.14333963
.4897027
-.22198677
.58316517
-.11078072
-1.2303271
2.9189568
-.087785721
-6.9772816
-.054982185
.15349579
.25055885
1.2904186
-7.2393174
-.42370749
-3.5725234
.26270628
-5.5243139
-.12312269
-.24763107
-.38281012
-1.9038272
-2.3204002
.56479454
.38400984
.41855145
-3.2430944
-1.9113045
.15760517
-.017528534
-.87634039
-1.1207471
.37012577
.28487492
.36741829
.10022926
-.26808167
-.31544018
1.1196966
.17907
-.60330248
.63753891
.12592888
-3.5254414
-1.345078
-.14027119
.27092075
-.14131355
-.025154114
-1.6828651
.38768101
-.5890975
.038169861
-5.9196615
-6.2978983
-.049438477
.17157888
.35159826
-.17421198
.15749931
.34648371
-.20250177
.0060043335
.36167717
.30724287
.15305471
-.54061604
.41148806
.24636889
1.129848
-.53405714
.22865677
.73997402
.310256
-1.2256527
.49655771
.53488064
-.071446896
-.20588207
-1.0050535
.27719831
-1.128221
.30180407
-.12949944
.53700829
.44183254
.03438139
-7.6256647
.30031013
.22698832
-1.1239057
-.30066013
-.02336359
.20132923
-3.12535
.435781
.44928169
-.3477149
-5.4349689
-.16354322
.10974121
1.1538577
-5.8801341
.66656256
.0344944
-.93681049
-.098401546
-.56980467
-1.9739513
-.11554337
-.52974319
-5.7754383
.16780949
.15614462
.024145126
-7.3835459
-.096650124
.27980709
-1.6215782
1.2776718
-6.5178823
-.10840511
-.60373545
.17499828
.018808365
.018383026
-.6627183
.53136206
-.16224527
.055641651
-.0072989464
.18797302
-.24853516
.26219273
.2703476
-.1390152
-.46699619
-.64263487
.20144701
.4067874
.39426279
-.15450954
-.38173199
-.019217491
-3.6737895
.46048641
-.27360249
.13802052
-1.2636423
-7.7979956
-1.3293242
-.31918049
-.045413017
-.72529745
-.28407383
.074213982
.1894989
-.73088741
-.98137569
.5935173
.24782467
-.2549057
.47660828
.295825
-2.3747578
.0016822815
-.091160774
-.24973583
.5913949
-.95238018
-.099428177
.10751677
.37216854
.97540092
-.92426348
-.1058073
.2959218
1.0669789
.58812523
-5.1491542
.42739153
-4.5402508
-.041837692
-.63261175
-5.6327467
0
.96246338
-.12417126
.32931423
-.50428152
-2.0938344
1.0353498
.25063896
.468225
.19433784
.33087063
-.17360544
-.23504162
-.86553431
-6.298161
.10140038
.057375908
-.31127787
-6.8936563
.73809862
-2.7569218
1.0282297
-.57815027
.44645214
.33494854
.53144455
-.70911121
-5.2288141
-5.8398108
-.17176199
-.48509169
.2374115
1.3773212
.13485718
.35654783
.24843311
.59325457
-.42128706
-.66081905
.2009182
-.25565815
-.64199638
-7.5337701
-3.1002703
.2048955
.66559839
.35091877
.028975964
-.11434317
-1.0539465
-.59982872
-.39216757
-.086080551
-.21057558
.40589476
.019545555
2.087182
-.85004807
-.43403244
-.056202888
-.63859701
.25553226
.057105064
-.16986847
-.22792149
-.039235115
.13931561
-5.0163336
-.10715389
-.32823992
-1.2592311
-1.3920627
-.12633371
.02963829
0
-2.9544139
-1.8932447
-.12378216
-2.123117
-.77804136
.42261028
-1.722611
.078428268
.12644815
.48875427
.50474644
0
-.50462818
-.0056033134
-.3678484
.18266773
-.22721672
0
-.20154524
-.046282768
-.013919353
-.22865057
-.28272152
-.0048236847
-.87955093
-.27889156
.29680634
.26212025
-.99004698
-2.162549
-1.2735901
1.8611722
.045674324
.2113924
-6.43294
-.63216162
-7.5940218
-.33507347
-7.0162253
1.6829553
0
-7.1536102
.16030455
.12765884
.5393033
-7.7250147
.11709881
-.062459946
-.32334566
.31406689
-.83323622
-.072807312
-.45808125
.93245602
0
.088580132
-.21229124
-4.5402508
-7.5828838
-.42945099
-.30963993
.34709454
-.23329592
.42118883
-.028835297
-7.3779373
-.24060249
-.057943344
.24116135
-.19620419
-.48250151
.27352285
.04733181
-.0027346611
-.052246571
.12020302
.25579691
-.3494072
.11196041
.37077427
-6.4670329
-.12643671
-1.6115632
-.22016573
-.38013411
2.5044637
.067492485
-.60521889
-.30595398
-.39142752
.38709927
.18615341
.18517351
-6.8570633
-.0024724007
.60566902
.53714275
-.40661144
-.4728899
-.11619854
.47226
-6.126245
.056776047
-.74686003
.10450554
-1.6470089
.99966478
.15019798
-.35956526
.14984941
-.017559052
-.24149418
1.8462458
.251688
-.2974143
.35953236
-1.9940448
-.31083775
.30389881
4.3638062
-2.1935172
-.13501453
.18000937
.54919147
-.61611366
-1.528738
.010091782
.53154278
-.18525505
-.20820618
-7.7026854
.38131905
.24395847
-6.126245
-.14705372
.39002514
-.79231739
.42456102
.93585157
-1.6971254
.53655052
.43105078
.74316549
.99638987
.33687401
-.85347986
-.35344362
-.1256218
.50435305
.035001755
.19244051
-.10807323
.026223183
.33398438
.18153
.56114674
.025317669
-.3998909
-.10832405
.96827316
-.59851027
1.1134033
.43447924
-1.299737
-1.6700473
.084758282
-.28634119
-2.4718757
-.63212204
.037979126
.20166588
.21836185
.49499226
-.43489504
.29341269
-2.0186028
.028050423
-.14469051
.12598038
-.46664762
-.14837551
-.48818827
-.75181961
-.37634516
-.056290627
-1.0102749
1.0536346
-6.7950664
-.97428989
.0098080635
0
-.49712944
-.66720724
.53627014
-.40903044
.43905592
-1.4436212
-.81808996
.46257401
-6.6851473
.37729406
.14089203
.61640263
-.98934793
-.71782589
.30212212
-6.8496718
.47715998
-.76190662
.37475109
.31798744
.98639917
.077457428
-.033747673
-.54684353
.35622597
.84391117
-.35830307
.47979355
.82495499
.7469492
-.043938637
-.55899668
.0015850067
-.21542549
-.60382318
.058401108
.059829235
-.13495731
-.98363829
-6.922081
-7.313601
-.23447895
.081869602
.02850914
-.16750956
-.374856
-1.2707157
.24162245
.69473791
.071187496
.58594131
.27157116
.18721914
-.12907314
-.019833565
-1.053237
-1.0123076
.89797449
-.23286867
.44820881
.30593109
.016073704
-.09439373
-.010512352
.081542969
-.054545879
-.1331625
.03468895
-.17120171
.059798241
-6.4443583
.011235237
.11104107
.3324604
-2.0965409
.16386414
-.75685358
.92480469
-1.0653262
-.34847784
-5.3713021
-.24321747
-.2130332
.26798534
.10186958
-.76626778
-1.8299241
-.94607496
.015615463
-.13268948
-.25496435
-.30836391
-.032594681
.098804474
.32231188
.52280903
-.63680077
.35839796
-.03341198
.049015522
-.40115404
-.75050402
.01981163
-.63343334
.016646385
-.14079857
.34039116
.2714057
-.45409727
.29483032
.63406944
.21995544
.60613537
.00415802
-.21001053
.48993301
.055082321
-7.6899595
.38776588
-.62041235
-.026626587
.018976212
.51979446
-.55803347
1.1917777
-.020540237
-.20836306
.29138565
.12440681
-.38609791
-.41593218
-.28151321
-.1415987
.11401844
.01611042
.34860134
.25722647
.24947834
-.22504616
-1.3692646
-.73634624
.20676136
-.39010954
.17254448
-7.26473
-.29213715
-.020586967
-.44802094
1.8158569
-.54715967
.99858904
-.63196421
.30725145
.30436802
-6.1572814
.43434191
-1.0717506
-.035582542
.27592754
-.89171553
-.45691347
-.23382139
-.17707634
.042499542
-.11696672
-.33475351
7.9953442
-.1427536
-.70868158
-.23416138
.30406189
-.72157717
-.69263601
1.8140864
-.46399879
-.029229641
.32600117
.85509205
-.21542168
.16305256
-.36909723
.011730671
.10170746
.31304073
-.02637291
-.2828126
-.30664158
.3975687
-4.8184319
.24752426
-2.1481791
-.082362175
.98892736
-1.4151974
-8.1420221
-.43518782
-.13268328
.50509453
-1.1019716
-1.8950305
-5.2288141
2.9236107
-.16113091
-.074555397
1.2669401
-.81065273
.051872253
-.95197105
.52862835
0
-3.1886787
.34919548
.70935202
.52452421
.12242603
.080330849
-.36884499
-.12042713
-6.8719802
-.14581108
-1.9047132
-.22331238
-.45689917
.27832508
-.3534956
-.23464012
.81110859
.068247795
.69388819
-.92331123
.11324072
-.025875092
1.6489749
-.28462601
.40347147
-5.9379129
.60283184
0
-2.0010595
-.55241966
-.1952734
-1.9220762
-7.072422
.54122257
-.16430283
0
.34946537
-.38574123
-.99297094
-.14735985
-.88053894
.16707516
.39597607
.10474491
-.15540409
-.47832155
-.64414549
-.27136374
.43905735
-.38560104
-6.6765437
-.60056114
-.053758621
-.23674822
-.63503981
.10611916
-.68665504
-.45081329
-.66867971
-1.8769078
-1.1997361
-.22815895
.51273489
-.91271257
.10731936
.29281712
.45323658
-4.7186089
.0027647018
.37576246
.18154907
.29038143
-5.8538432
.0087623596
-.75398207
-.19488907
-6.849369
-.78674364
-.072501183
.017926216
1.3521261
.30393887
.36121225
.099246025
.5155406
.10705566
-.12982607
-4.6676483
-.28655243
-.48353529
.20373154
-7.586586
.39388418
.16361332
