ch_tot_tl_contr
-.0041236877
-.00087070465
-6.1870899
.34453392
.39881897
-1.0308242
-.0099258423
1.033884
.40740013
.60811377
.2940712
.12630463
.28143787
.18611908
-6.849369
.0023841858
.12082767
.0079684258
-.041182518
.082661152
-2.5704818
-.69611073
.064538479
.95452738
.29808807
.11184835
.10048389
.14934301
.76494694
.093525887
-1.2835879
-7.3320889
-.12974501
-.031605721
.047574997
-.41910791
-.028170586
.20134306
-.89272261
-7.9115334
.56104517
-.3125205
-1.4790182
0
-.10657549
.79239941
-.025001526
.66269255
.65821171
.70562029
-7.6831403
-.53002787
3.0046573
-.32338715
-6.6489844
.1866498
.0070233345
-.94377565
.56000328
.193964
-3.5992672
.026500225
.078678131
.32940865
.14754581
.0097970963
.63663483
.99018955
.33113813
-.96930552
.64683533
-7.239625
-6.9771481
.30652714
.67490053
.032335281
.67198706
.70349407
-.27052736
-.74991369
.35845137
.63152456
.20643139
.13241053
-.17034531
.14106655
-1.1554098
.17903233
-.087929726
.20111561
.091527462
.30515671
.12817526
-.099191189
1.6882386
.0036697388
.21833467
-6.0453439
-.95440435
.61647701
-.018868446
-5.7969255
-.018622398
-.52793217
-1.4471903
-8.9818249
.20387411
.24813747
-.22157955
-1.0232549
.054067135
-2.084372
.33474922
0
.012127876
-.93834543
.74381351
.36974907
.90121174
-4.9618454
-6.0112672
-.48142624
.4297514
.022417068
-1.3483696
-6.258215
.39912796
.65737534
.57117176
.29079533
.39238405
-.78893566
-.87237692
.34827232
.28446913
.12994576
.14838696
.1493082
-.37446404
.4180479
-7.3415766
.50335312
.96934509
.012359142
.20342207
-5.5529594
.34280109
.1321125
.30874157
.035701752
.98777056
-6.0621228
-.29522371
.29917622
-.27370358
.88514042
-1.6597524
.33764935
.55059195
-.043675423
-.84228802
.45488262
.33281326
-.77367926
-2.4782619
-.12693024
.058840752
-.56667757
1.5235662
.383461
-5.1881838
-.21741295
-1.441946
.22938442
-.57293844
.40995789
-.053982735
.98874378
.27715588
-7.2893181
.87287378
.58588314
.72673368
.3052578
-.21284866
.29600048
.0103302
-.59487724
.37885809
.32519531
-.78406954
-5.9192777
.034486294
-7.1022639
.0055398941
-.73992538
.61336994
-.80673265
.06311512
.15825748
-.1263423
-1.5911674
.06434679
.62230062
0
.12666321
-.0833354
-7.5719886
-.016419888
-.92891312
-.080496788
-.076265335
-.59330511
.13573933
-.31788015
.074710846
-6.4885535
-1.0330248
0
-2.7814388
.01140213
-.0066080093
.20416069
-.30070734
-.57119894
-.94446135
-1.4143996
9.4532862
-.11010075
.93155813
-.91803598
1.1742139
0
-.65677929
-.072162628
.45261431
.26320839
-.095110893
-.2986207
.68769455
-.29633808
.23449039
-2.5007899
.14167309
.47072124
-.10538673
-.1860323
.38310766
.61513567
.56591892
-.41916418
.051226616
.26368713
.68101358
.1933713
-4.8063602
-1.2146544
.067608833
-1.3013191
-.85242319
.090838432
.0092163086
-4.6821313
.11202097
-1.1567044
-5.5802689
.084835052
-.23863316
-3.3819661
.47406578
-.096404076
.063522816
.17961979
0
.14636135
-.014681816
-.022472858
3.3933201
.80566311
-3.430923
-.35952806
3.967499
-.032857418
-6.0621228
.57500029
.19345236
.67073631
-.1911869
-.018462181
.935184
-.14698792
.18072224
-5.4355917
-.17435312
.53856277
-.033448219
-.71459055
.30318642
.55406618
-.089559078
-1.7866726
-5.1491542
-3.1050205
.32919502
-7.4388037
.008784771
.23172283
.1617322
-.16100025
.94735527
1.2097812
-.29700756
.29270697
.30915642
-.51996422
.58425283
.12985802
.17454767
.46524715
.78375959
-.11956978
.68477917
-.19281864
.44183254
.021033287
-.050860405
-.052162647
.39205313
-.16963673
1.166924
-1.3769369
-6.8344164
-4.5402508
.37916136
-.16998672
1.3435307
.79383898
.054067135
.1731987
.63000536
-6.9222217
-.27179575
-7.8523836
-.17911816
.55632305
-1.3847504
-.10321856
.016000271
.2082181
-.68981934
.11037588
.073059082
.072390079
.32756472
.016771317
.22438335
.21319962
.85004902
.62640381
-1.4662762
.33305454
-.11326981
.094601631
.14041996
-7.3179708
.03103447
1.0001607
.71430588
.12128639
-.8288765
1.1755562
-.38090706
.39588833
.13275957
5.7759309
-.75015879
.13049698
-.36909723
-7.2292175
-.5203042
-.44628716
-.11397076
.59572172
.072615147
.35965347
-.021481991
.65206289
.35055637
-6.849369
-1.1741772
.059010506
-.71491432
-.061344147
.074453354
-.88214064
.19016123
.1460371
-.087333679
-7.9036489
.54501724
.086352348
.49760103
.34118891
-.84358263
-.72318411
-.59939241
.25654697
.025336266
.29691887
.35384274
.17556477
.21243858
-.23685646
-.47861576
.33793306
-6.6108885
-.7151041
.76783371
-.50008059
.10506058
.029385567
-1.7949338
.18845367
-.41639423
-7.391151
.57079887
-4.4188623
-.64167166
.12736034
.24912262
.35508156
.74161005
-6.7374754
.5882926
-.48374128
.3816328
-.48038101
.48748398
.11960411
-.077376366
.13356972
.06859684
1.3726516
-.91379452
-5.7749953
.13586855
-4.3179641
.56334114
-.20964146
-.14327383
-.15994024
0
.0094542503
-.28125668
-.081664085
-3.0913715
.10774708
.15316105
-3.027606
-4.5402508
-.66923141
-6.8030295
.22774887
-1.7467227
.21281147
-.083362579
.090918064
-.040307999
-.23296499
-.43274021
1.4909649
-.21456528
.41461563
.50922585
5.9357758
-7.6831403
-.093090534
-.24067593
.60573959
.20318508
-6.531086
-5.8801341
-.1948576
-.35449886
-6.6673203
-.03438282
.75318432
.10834122
.77170753
.44727612
-.095707893
.36387062
-1.1596146
.13035679
.29755878
0
-.11088943
.2042346
-.95726585
-.1373229
.47729015
-7.0726643
-.031644344
.44052029
.15415001
.017439842
.027127743
.05462122
.4676404
-.49139881
.29173899
-.15267181
2.8646083
-.22659302
-.32476902
.041032791
-.35974503
-1.206953
-7.8269558
.23094797
-.32872295
.6136837
-.065170288
-.11852312
-.59082508
.085158348
-.58795977
1.1668916
-1.4099784
-1.1623826
.56605482
3.1001596
-.03221941
-.55241871
-1.6851273
-.56305408
1.1191406
-.036029816
-.28161478
.22911358
-7.5192275
-.021953583
.58094501
-4.0604429
.30685854
.28426981
-.2394948
.023034096
-.43400335
.18316078
.10951853
.35072708
-7.2290101
-2.3337355
-.22690487
-.13086891
-2.1408534
-1.5987768
-.050643921
.3967123
.53604221
.6281147
2.4340668
-1.1859131
.35562563
.35513592
.27010155
-.050591946
.17160702
-.1124053
1.5043225
-5.5802689
-7.2025547
-6.9084692
.2420845
1.0411611
.60677481
.71281385
-.31823874
-1.1898899
.24128437
-.91131735
.22417927
-3.103946
-.79935169
-.03359127
-1.3204398
.053174973
.59551382
.047091961
.44651651
-5.5529594
0
-.36074829
-2.2557015
-.028171062
.59483051
.064538002
.71549177
.24044228
-.60572433
.19344139
-4.4609699
.032839775
.027065277
.056407928
-.23658657
-.26123619
.1853528
-7.5902023
-6.5102582
-.22778368
-.18255329
.014288425
-.16897821
.3049736
-.80372286
-2.0880256
.45445108
.15498161
.097668648
-.20353174
-.49752331
-.5609622
-1.5524058
.75004196
-.4234519
.34890079
-6.0621228
-.26972008
1.1990018
.01654768
.5953064
.47798109
-.31952286
.34675503
-.092084885
.18604422
2.0066276
.080042839
-.30865526
-.29433537
-.59903908
-2.5074387
-5.0625949
7.3135905
0
-5.1491542
-.46066475
.050966263
.54444695
.22337103
.65014315
-.60021257
-.068992615
.5105567
.35880184
1.3039198
-.024786472
.47903776
0
.51791477
.10184574
-.099122524
.24137974
-.038915634
1.0689588
.10095167
-.047486305
.074404716
-6.0624552
-.96596766
.069301128
-.22746658
-.090413094
.87462091
.44971275
-.22494745
.22212601
-.055790901
-.34174919
0
-.15721607
-.073859215
-7.254683
.77183962
.28087044
.097975731
.41320086
.039562225
.53859043
.93267965
-.3383255
-1.3458028
.0034132004
-7.5939498
.38395023
-.30971241
.25677681
-.17861271
.91183567
.4261241
.32939911
.31491327
.12489796
-.60040665
.1002655
-.43125725
.7355938
.26723862
-.16409683
-2.9281771
-.50860977
-1.3249726
.1124115
.10488462
-2.9179912
.87294006
.12337875
0
2.1578603
1.219286
-.22832489
1.0588565
.091712475
.89142227
-.10518599
.079780102
-6.3740511
.080365181
-.12054443
.042302132
-.032706261
.20656776
-.17042685
.7951479
-.021547318
.066589832
.088088989
-.82679129
.65026188
2.262805
-.21697998
-1.7177601
-.49644423
-.62989283
1.7119374
.44438076
.076663494
.16906977
-5.8166857
.1951251
-.0060529709
6.7908468
-.13435888
.31151104
-.12479782
-7.5345335
.16802597
.48300838
-.13099813
.013406754
-.66708565
-2.1552401
.021726131
-.54376793
-1.5876813
.16093016
-.057346344
-.097163677
.22676373
.17492437
.50709343
-1.4008718
.0073800087
-7.6115599
.42114639
-2.5613341
-5.9748993
.1048193
.087140083
-.646451
-4.9168477
.050398827
-.86121798
.50492573
-.6218009
-.70852184
.20775986
.22516155
.66947746
.027347565
.41029596
.51175356
.062049866
-.17770433
.45004082
.064852715
-.61292791
.8312068
-.068993568
.28520918
-.033901691
-.47133541
-1.2857742
.19309378
-1.0512772
.0085105896
-1.7091298
-.99640942
-.32159519
.19972801
.11339664
.35238743
.42252636
.51715469
.063244343
1.0149236
-.048462868
-.47435617
-7.6994543
.32816076
.34682369
.04016304
.32120419
.5881443
-1.0991364
-.2745266
.024806499
.10467911
.75541687
-.054467678
.01184845
-1.2050958
.1315546
.0065150261
-5.9752626
.23509121
1.084599
.14618206
-1.2156711
-.1408186
-.71163273
.6736927
-.21509314
.072472572
.89838171
-.9281249
-7.7218552
-.13669491
.50245762
.23887253
.19422865
-5.8398108
-.68874168
.29110527
.78681183
-.35318375
-.33563948
-8.1146669
.79153156
.057690144
.61746502
.049206734
.048789978
.50934267
-.59463406
.2439208
.05106926
.35574245
-.052678585
-.27012396
.15879107
-1.1267829
.67300844
-.080069542
-1.4668841
-1.1156454
-.44832134
-7.2341771
.2693224
-.062072277
.72183228
.17016602
-.37989569
.73762035
.63727236
-.65030718
-.0099172592
-.071973801
.24604034
.5709939
-.65662241
.51406622
-.53640509
-.82185936
-6.7870393
.44183254
.27736902
.40503693
.19051838
.064538479
.17505741
-6.5312939
-.12491941
.092648983
.14393616
-1.4095044
-.8340497
-.027438641
1.1153708
.66061878
-.083034992
-6.298161
.63123894
-.22572184
-.060506821
-1.0188212
.039339066
-6.0109172
.35997677
-.030374527
.37015963
.44522858
2.8577666
-.32841635
-2.0430737
-.95017433
.9189539
.54515553
.048343658
.33587694
.21799469
.24252605
.31781578
.4730854
-7.4467516
-.47210217
.17356873
.54066181
.10473061
-.041243076
-.25728464
.38262749
.14940023
.29262018
.093102455
.23007393
-2.9174004
1.427299
1.9957967
.14120102
-.018440247
.048559666
-1.4267712
-.01052618
1.5482435
.26213932
.43793011
-.1667347
.4120574
.063312531
-1.0152225
.27400684
.17910194
.77011585
.29562187
-.13481951
-1.1545949
.19699097
.34957552
-.060259342
1.5743847
-5.4355917
-.64970875
.34934616
-.11985207
.084157944
.010798931
1.856885
.49935675
-1.3554893
.0065145493
.096992016
-.075424194
.33676767
.31515741
.41180038
.47835636
-.96545315
-6.8416157
.24996901
.66955566
-.35889482
.032741547
-.021842003
.1995039
-5.9569468
.63039303
.81295919
.058209419
-6.7789474
1.9430227
.020252228
.21440268
.65998888
-.37541866
.17607021
-4.860919
-1.1422877
0
.64520741
.58388996
-3.7737582
.66931438
.21404886
.41334057
-.92215586
1.0587683
-.25354385
.45326138
-.34305573
.64087486
-.016474724
.40556669
-.13323498
7.7064629
-5.4039636
-.43419123
.40592623
-.015900612
-4.6821313
-.30028629
.30217361
-1.3887272
.38609076
.28809881
-.54619169
.10603142
2.8872461
.084030151
-6.7950664
-.24506474
-3.7776749
-6.9637303
.82582092
.026050568
-.22528028
-4.1243172
.098934174
-2.1297736
.2253046
.5946722
.0030813217
-.22849989
-.0036101341
-.045182228
.21451426
.9480238
.0011806488
-.29298878
.096360207
-6.8417683
-.068992615
.0546422
.5135994
.48490906
-.25838137
.23718548
.28469467
2.576201
-.4700036
.5653944
.27200413
.16685247
.012269974
.63668633
.24686861
.064955235
.13890171
.75584221
.005730629
.65023375
-.010724068
1.1190295
-.33868837
-.70761871
-.19454479
.26998234
-7.0903149
-6.3863983
-.1128521
.46365929
.17101383
-.15091705
6.7729731
-4.7461739
.11814499
-.24050379
.045014858
-.47445774
-.20555496
.071153641
-1.3880467
.22578001
-.52929735
-.13997602
-5.9382896
-7.7406645
-1.9396958
-1.1720996
-.44510221
.35008717
-.047079563
.066953659
.11047554
-.20238352
.53872633
.015965939
.70916271
-.33134842
.055710793
-7.0352688
-.15287447
.4618516
0
-5.3713021
.50460482
.24047852
.17220736
.8239336
-3.8391962
-1.1908622
.63950443
.47270393
-.43479252
1.0051689
.53845978
1.8883514
.096992016
-.036284447
.11032581
-.1232748
-1.0942063
.87589502
-.20174885
1.5725694
-2.200695
-5.9002886
-.058228493
-1.2584724
-.037791252
-.10431147
-.17094231
-.025276184
.47669125
-.3338294
.21608162
.1718502
-.055964947
.93508959
.41175556
-.33455372
.35422325
3.3557351
.88801861
-.27541208
-7.2136631
.43029118
.1691885
-.030234814
-.19938087
-1.4817452
-.019255638
.82260513
-1.1176381
.40475512
.31683683
.57883739
-.99856806
.16658735
.1109004
6.7843313
-5.1491542
-.48725319
.19679451
-.18732595
.50385666
-.026732922
-5.1483245
.27830887
-.0036377907
-.69391823
.21868944
-.49102736
-7.4553809
.044432163
.41819048
-.037974834
.49153185
-.034703255
.53442526
1.646915
.013840199
.20045471
.014389038
.69020319
.18540335
-6.3483896
.36064243
.4698143
.42045212
0
.92472458
-5.6327467
.23168659
.48745918
-2.5999126
-.17232609
.054067135
-.11184835
-.56262827
.23345184
-1.8822803
.24470615
-1.7152815
.050107002
-6.2441669
.06983614
0
-.073766232
-.87967968
.042446136
.59141636
-.47619963
.15975761
.18787622
-.29988241
.17937088
.31769705
.20668077
.11824656
-.12856865
.141078
-.62662649
.36448956
.21905327
.26707745
-8.6631718
-.16324568
-7.632678
.35675335
-.3038044
.19424105
1.8980203
-.12264156
-.22528267
-1.0427308
-.03634882
-.034905434
.068853378
-5.6068521
.34128284
-.86903191
.53714275
.46133518
.35540199
.047540665
.09418726
2.1578217
.044149876
.3673563
-.06701088
.10978842
-.14151907
.18117952
.28367424
-.21124363
-.080515385
.15803432
.15589428
-.16675758
.18924189
.34174919
.32239246
-.088024616
.19051838
-.0034036636
-7.4387197
-.24941158
-8.4644251
-.11631918
-.16518497
-.95402908
1.6102986
.56902218
5.1836543
-.068435669
-.21440983
.070221901
.69430351
-.16369295
.85660028
-.036717892
-7.0353942
1.0646839
.053346157
-.29441929
.64767551
-1.3232584
1.1825328
.58470249
.21930504
-.22006226
-6.8259254
-1.1471601
.57440519
-.90976906
.0093755722
1.0116439
.43110847
-2.6780722
.45041943
.20777559
.63739729
.61924028
-.21292019
-.41248322
1.2409158
-.29543924
.2260232
.57003021
.17706585
-5.8188105
-.15778828
.60747194
-8.1645918
-1.457334
-1.0690241
1.7845435
-.052699089
-1.3400006
1.3095031
-1.2099285
1.1498265
-.52824736
.14105225
.11695385
-.22302008
1.1809845
-.13724804
.28598309
-.2820859
-.99048376
-.17269325
-.042936325
.4687705
.54954386
-1.4554362
-.72715521
.31915283
-.36549139
1.7536016
.48729515
.65445566
1.2790928
.15058565
-.40944147
-.18639517
-7.1369376
-.15224028
-2.1160426
.44003296
.72953892
.030269623
.75784159
-.013942242
-.2455759
1.5016952
-6.6487994
.1271596
-6.6398759
-.96251965
.047466278
-.066172123
.18108368
-7.7027497
.83644295
.54432011
.14145756
.35799503
.52363586
-.1455822
-.38959789
-7.2027674
.34570217
.38242149
-.30740404
.21181631
-.30759525
1.6262932
-.28592587
.13815022
-1.4986396
.17356873
.089713097
.56333685
-.072495461
-1.5714588
.46646166
.032407284
.086726189
.84705114
-.054654598
.27105951
.95265818
.28842258
-.80429459
.29101086
.51916599
-6.4211574
-.27194023
.275177
-7.3642755
.47917271
.54543161
-.55879879
.097925663
-.73791361
.49022293
.037212372
-.25778866
.14562607
-.14666557
.15551853
.72785854
-7.2443295
-.72710228
.72160101
-.12984848
.039375305
-.036045074
-5.5518517
.13137054
-7.8796701
.2752285
-.057682037
.33314133
.79738379
-.21415615
.60114813
3.5328753
-2.9150329
-.74923134
.29168987
.18651342
-1.2350297
.31666946
-.30094337
.73003387
-.026572227
-.25131416
.15854645
.18842411
-.19053078
-.081789494
.4675746
.51125193
.034132957
-.0036802292
-.23122311
-7.5497594
-3.3392344
.28182125
-2.417191
1.0279207
-.024541378
.014137745
-.029207706
.081568718
-.29949093
-7.5903468
.21726513
.21718645
.018110275
-4.7424445
.59152651
.023628712
.1754899
.17714024
-.19749832
.14914894
.22446728
-.13555384
.55178642
.048090935
.79890108
.18809986
.34214354
.57110023
1.0407991
-6.8935113
-.63058901
.1247735
.011331081
-1.1122684
-1.5077605
.19143486
.31845379
-.54602814
.11796999
-.29501772
-.5535574
.22273207
-.33205652
.044950962
.087036133
.16538715
.0046186447
.20164108
.84035015
.40319252
-.05934906
.66554308
-1.8615952
.070451736
.7295146
.33506489
-.22244072
1.9597678
.05864048
.24587822
.014594078
-.23390341
-.80042219
-.60496664
-.097130775
-.47841644
-6.9640007
.15253353
-.58778667
-5.1406884
.2329073
.40950966
1.56183
-.31459093
.2880168
.020190239
.26926184
-.01185894
.059715271
1.4131169
.43103886
.32529926
.39545727
-.47952223
-.14477539
.1552577
.11201
.19437361
.08874464
-.27600718
.076800823
.033149242
.29522991
.56129265
.94050026
-.95263052
-.12336969
-7.1022639
-.42696285
.45804024
-.2824049
-5.839395
1.8940849
-2.687124
-.12573338
-.23478508
-.96600199
-.013433456
-.10074139
-1.3966322
-.13631773
.46856642
.11309624
-.25121737
-2.7175291
.39520931
.051735878
.19002914
-.7048645
.075659752
.69121838
-.22049046
.045816422
.71345234
-.1959877
-.45491314
-.88684034
1.040051
.21619225
-7.7622924
.24936533
.17742157
-.39519405
.059645653
.54072094
-.6580472
.4684
.21168518
-1.5132866
.1909914
.036394119
0
-1.9774089
0
2.1908898
.2358675
.3737793
.71826792
.48321819
.10758018
-5.8398108
.52030468
.44692183
.56988478
-.38851595
-.21840477
-.54453659
-1.3060422
.74757147
.25551891
-.95996571
.25456095
.12627697
.70310879
-1.5778894
.40681362
0
.26739311
-.090101719
-.28768206
-1.1438632
-1.4520082
.57744503
.28434753
-.58778667
.73649549
-.53783798
.0026421547
.78542233
-.59177399
-.60966158
-.0073480606
-7.3867364
.35482168
.22307253
-7.2443295
.078372478
-.16803217
.11159086
.016949654
-5.1474943
-.15374851
.14975548
.26397419
.56586456
-.10653973
1.1587133
-.1860466
.22695637
-.31904125
-2.0248542
.52210903
-.14724541
.40702391
.26368666
-6.3488894
-2.1484342
-6.802712
-5.9928923
-.26150846
2.1791291
.067851067
.3449831
-.43823195
-1.2268667
.2218256
-.045462608
.10327482
-.22445059
-.79031086
-.15044498
.12835836
-.30511713
-.052778244
-.18268299
-.74663591
.11369562
-.059963226
1.2650332
1.0436883
.67459965
.46577263
.20842314
-3.3633599
.51056957
.32032394
.14356899
-.044124603
-.45796061
.4046936
-5.8603792
-8.1400242
-4.4609699
.15340137
.32979393
.64808035
-.24641228
.76078844
.072615147
-6.298161
-1.6553082
-1.4496374
.052523136
-7.4044528
.58718872
-.0010418892
.42790508
-.23174429
.14671564
.2411623
.26714754
-.44644499
.43983889
.017813683
.1159296
.29052544
-1.227046
-.80142546
.21123219
-.11272812
.047178268
.34174919
-.3093524
-.90411711
-.49293566
-.080165863
.49681473
1.0984073
.28790855
.5817256
.3870182
1.0254226
1.1226377
.81831074
.66103363
-.00030231476
.42139435
-1.2362704
.13447762
-.23183346
-.14946842
.040496826
-.45782089
.15629864
-1.8043127
.46253967
-4.3748584
-.16700745
-.23778248
-1.2021065
-.37761879
.1418047
.49193192
-5.839395
.44374657
-.020790577
-.53002787
.29819012
.32730103
-.058410645
.47802067
.14141178
-.14183044
-1.4987721
.56398058
.3615427
-.40137529
.073685646
-.14233112
.2301836
-.51059818
-4.6137052
.31206417
.094468594
.46675587
1.0130095
.4324646
.18990231
-6.3978815
.31882811
.12305117
.80237579
.41001701
-.5329957
-.71592712
.34992599
.37468052
.50542402
.49800301
-6.466589
-4.8631291
.025158405
-6.9635954
-.28916502
-.079608917
.59432364
.3578558
.71707153
.30064631
.12055969
-1.2711458
-.20224285
.71386814
.074638367
.010911942
-.41404915
-2.211235
-.1954174
-2.7175291
.13677692
1.4249544
.8181057
.34854507
-.050065041
-.40890551
.77212048
-.52301598
.070336819
.17533112
.082691669
.54544544
.062213421
-.27806234
.12776423
1.9755049
-2.0156651
-.27532959
.016090393
.67318535
.055763721
.26790905
.0023121834
-.49042177
-.46362495
.12563515
.48470831
-.51954174
.60988998
.22378492
.19459772
-.026472569
.091237068
2.4837627
1.401824
-.79049492
.048282623
-1.0683551
-6.8028708
-.084260941
.23021984
-.2999382
-.83642054
.37432671
-.082374573
.21278667
-1.4772611
.28600264
-.50850725
-.52208567
-.49586344
-.74294376
-.10892582
-.82542038
-.13653898
-.63952446
.0032157898
1.7001138
-7.6564722
0
.44899082
.19585037
.0063695908
.13605022
.00083065033
.7046175
.078255653
.074746132
.23541355
-.14852142
-1.5276222
0
.16545057
.29226208
.57469416
.39549255
-.44759464
.42797565
-6.2576675
-3.8132269
-.018922806
-.45703983
-.49146461
-2.4853234
.21442318
-.042620659
.62778521
-6.2717981
-6.3109565
-.29607344
-.68415117
-.44889832
1.1347418
-1.3050051
0
-.39071989
-7.4384675
.46292067
.35303688
.51021004
.77043867
-.30788469
1.5233722
.31428814
1.1100025
-.10599375
.069890499
.22939682
-1.3888421
-.27708912
-.039139748
.10132551
.6408062
.092781544
-.56580782
.53024387
.4555006
-7.0352688
-6.7374754
.60212231
.75078678
-.386724
.19101048
-.84770584
.11526203
.6905632
-.46538973
-7.1972213
.52427673
.53606415
-.035012245
-5.1491542
.14155722
1.3151984
.064646721
.46221542
.56443262
.18136311
.068600655
-1.4373474
-.52716208
.90215111
1.08323
-.54032516
-.38950014
.39700317
-.008415699
1.0682492
-.45151901
.140728
-.27321291
-.12777233
-3.3748801
.53985739
.81735563
-.15278196
.18361759
-.453372
-.0014476776
-.42852068
-2.6624398
-.58492565
.41551542
.083054543
-1.0498943
-.015552521
-.29651976
.064202309
.22446728
.4154768
.43844128
.40261173
.63889647
-.01475668
.97049809
-.3724432
-6.4991422
.81788445
-.79685354
-.061329842
-4.9062443
-.24518204
.099843502
.62665749
.17919636
.18001032
-.13629436
-.56073666
.76530933
-6.7202201
1.5110316
-.031252384
-4.6821313
.0083098412
.10416603
-.42280769
-1.442873
1.1039915
.1588726
2.2674837
.048170567
-.02314949
.080936432
-.078881741
.12416983
.16336441
.26826382
-.28550291
-2.2337604
-1.0894651
-7.4045401
.18221951
-.4045372
-.056751251
-.16147327
-5.0625949
-1.7757592
-.67358637
-5.1483245
.13930416
-.21772051
-6.1265574
-.4675374
.097142696
.59891415
.97603846
.0095210075
-.14242029
.11733627
.60615778
-7.9219503
1.3646135
.53714323
-.088795662
.31198454
-.1307497
.29366684
.083393097
-4.7461739
-.61107731
-.087274551
.10221386
.54107237
.7484374
.30500746
.3413763
.35171986
.31219721
-8.5564137
-1.7096844
1.1070862
.032416821
-.65410471
.30480433
.042383671
.093672752
-.2881012
-.98835564
-1.0050588
-.38702393
.19956589
.12664413
1.501277
.44297314
.42858887
.29336357
-7.303843
-.012629509
.080042839
-.25131416
.19031048
-.058410645
.13072157
-.16098213
-.20344257
.014794827
2.1970735
.37215281
-4.7895727
.21127796
.47301579
-.021408081
1.6281505
.055272102
-7.3869133
.70895863
.35217524
-1.7553921
0
-.14620018
.27692652
-7.8796701
.68725157
-7.2342801
-.59590769
-.13192463
-.014925957
.21430302
.012248516
.59598398
.61965275
-.6849885
.20260239
-.029922009
-.14965057
.50930548
-.63870382
.33015251
-1.0569396
-.67432737
.27911282
-.022753239
.85932493
-.74106121
-.38484573
-1.0895333
.31965637
.20798779
.64593601
.019330978
.79155254
-.22464609
.0050377846
-.21564531
.047466278
-.16518545
-.24607658
.89035463
-.24926329
-6.0282784
-4.609447
.48018742
-.48019743
.062859058
.140728
-6.3740511
.70934439
-.58915281
0
.47119856
-.14125395
.22423553
.041758537
-7.202661
1.0188713
-.10235882
.72898197
.035691738
.66897774
.14303112
.30022907
.0032157898
.45010853
-1.1357322
-.087543011
-.19056273
.26126337
.49533653
.072040558
.17531824
.66286898
.33917856
-5.9002886
.032580376
.034653664
-.67499638
.051089287
-1.3346977
.16642046
.42335606
.19707584
.2099514
.098213673
-6.6208348
.17224407
.72434664
.43537045
-.97615337
-7.750061
-.96945715
.63131618
.48040485
.18895483
-.41711187
-.014925957
.063522816
.22453165
.41276884
-.27717781
-.22769117
.42105293
.36592913
-.0082645416
-2.4889455
.7638216
.053912163
.10471344
-.1744051
-.55804443
-5.0625949
.36244822
-.046172619
-7.7059059
-.024540901
.80642366
.089612484
-.86474943
-.25118065
-.30631161
.021377563
.25273275
-2.2848101
-.16806173
.14800024
-.55146122
-1.389667
-.92766571
-.55359554
.37055969
-1.093049
.027301311
.44818163
.9142251
-5.753026
-1.9524975
.049741745
.64111328
.0087623596
-2.2052345
.64317989
.37799168
.34131813
.74569798
.80781841
-6.9501305
.06155777
-1.4361868
.28425694
-.36638403
-.69771099
-.017699718
1.0537386
-1.1080909
-.432971
-.58469248
-.068336487
.3246026
.54641056
-5.1059456
.73824835
.22222042
.07571125
.46101427
-.017774582
0
-.96198368
.06098175
-.29671288
.098773003
.28488493
-3.7456605
.3117795
-.95949459
-.084260464
0
.0056266785
-.20699406
.39749718
1.059268
.42202997
.21608162
.43561506
.62323332
-1.3325377
-6.9905195
-.048632145
.37129974
-.32562637
.11640978
-.016705513
-.030077457
.14166594
.42764807
.070606232
.17403221
-.81093025
.14297676
.023282528
.35352421
.028876781
.75652742
.32850409
-.34869671
.70818377
-6.7373056
1.0074668
-1.0569725
-1.2986336
-.030643463
-.10872459
.66440916
.27338839
.54273129
.47291374
6.3791804
.39226723
.37187386
.014687061
.16693401
-.047428608
-.23436737
-.15600443
.060349464
.017122269
.12126732
.67718315
-8.6754417
.31158781
.21459198
.5420332
-5.0163336
.12848282
.64140749
.1494112
.65607119
.067139149
.14172745
3.5905342
-.65077353
.038492203
.12886143
-.26870632
-.5347991
-.86702251
-3.1437938
.28288078
.27856922
-2.9910727
-.047358036
.0266819
.39332056
-1.0131249
.25535345
-.91878033
-1.744503
-.1332078
.090998173
-.27646112
.013034821
-.8139205
1.0950212
-.67014933
.36487198
-2.1130567
-.93756008
-2.3796515
-.87319708
.2128582
-.24715662
-.45454264
-.21958828
.53835297
-7.0841069
-.9921093
.213521
-.17106438
.37393713
-.74810266
-.080514431
-6.3615494
-.090568066
.098213673
.45770645
-.74893856
.47462273
.37401009
