ln_avg_totq_pretl_contr
7.9010072
7.9141479
6.1870899
8.3696871
8.3926334
7.7832241
7.7186856
8.4430847
7.749938
7.2594175
8.0864105
8.0437555
7.9943914
5.8998976
6.849369
8.0039835
7.9991989
7.4875736
8.2314138
7.7891588
7.8983579
7.3461022
7.467371
7.7468562
7.4425764
7.7891588
7.8796158
7.5937338
7.4995022
7.4383836
7.7530103
7.3320889
7.9822702
7.8240461
8.1564283
7.4714446
8.3082342
7.1194043
7.6255951
7.9115334
7.4171515
7.6221046
7.4995022
0
7.8687463
7.709116
7.9010072
7.5382667
8.5341911
7.5645347
7.6831403
8.0619373
4.8631291
8.3696871
6.6489844
7.3687901
7.5570998
7.2845268
8.3187418
8.1315308
3.5992672
7.7682314
7.8957019
7.3642755
8.2886782
8.2814713
6.9835253
7.7313042
7.832581
7.4383836
7.8410435
7.239625
6.9771481
8.6581964
7.9089122
8.1747026
7.9525647
8.0483322
6.600842
7.7832241
7.4875736
7.9141479
8.8162394
7.7026854
7.7712479
8.5425825
7.0598631
7.8067546
9.0179682
9.3661222
7.712316
8.5564137
7.709116
6.8641019
6.7455726
7.5719151
7.8297439
6.0453439
7.8957019
8.1440983
7.7375541
5.7969255
7.5682316
7.6765399
7.2891231
8.9818249
7.7950587
8.3942184
8.1747026
7.3036509
7.9010072
6.8028708
8.330864
7.495542
8.0252361
7.7530103
8.0391569
7.6994543
7.8038435
4.9618454
6.0112672
7.8522167
8.0929823
7.9500489
7.4085307
6.258215
7.6665564
8.0731354
8.1357231
7.5682316
7.8009238
8.0528879
7.7802434
8.3135023
7.9871364
8.4307327
8.1059971
7.8096571
7.9500489
7.4214339
7.3415766
7.9424639
7.3036509
7.9847059
7.6598449
5.5529594
7.8240461
8.4070597
8.4430847
8.5564137
5.4632263
6.0621228
8.0039835
7.8125515
7.5682316
7.4550505
7.3642755
7.6115599
7.4256983
7.1701198
6.8489146
8.3779316
8.0205526
6.908041
7.2442274
8.0820045
7.5828838
7.9550743
5.464437
8.3325834
5.1881838
7.5306334
8.6741972
8.1081505
6.7541046
7.5073762
8.1523218
7.336751
7.2183862
7.2893181
6.4551988
7.9576273
7.5645347
8.3812094
7.6896982
7.4755821
8.0252361
7.8741961
4.8016763
8.0437555
8.4070597
5.9192777
7.9550743
7.1022639
8.0063677
7.4384675
7.7026854
8.0551577
7.4835658
8.1523218
7.6962128
6.8933663
7.7530103
7.3822131
0
8.0015945
7.4715257
7.5719886
8.013485
7.9271183
8.2005234
7.8096571
6.8940911
8.3680305
6.3101778
8.3222208
6.4885535
7.9245377
0
7.3954587
8.0437555
8.2256947
7.9322596
6.3849535
7.6428666
8.0709057
6.7704616
0
7.9296923
7.5755849
7.404366
6.2579412
7.6496925
5.7727752
7.7218552
7.8769097
8.4400034
8.2868814
7.6798458
7.3037472
7.7281642
7.5229411
6.3099184
8.0907965
7.635994
8.8141184
7.495542
7.5382667
7.8577571
8.1645918
7.8038435
8.1827192
8.1357231
7.9749751
7.9575772
4.8063602
7.9475269
8.0015945
8.1167154
7.7772541
7.7530103
7.7832241
4.6821313
7.9675279
7.3037472
5.5802689
8.0596828
7.7186856
3.3819661
7.635994
7.8957019
7.5755849
8.4568367
0
7.6665564
7.6044674
7.7186856
5.6063271
7.2025547
7.9871364
7.709116
2.7175291
7.9193563
6.0621228
7.8067546
7.7218552
7.9871845
7.8382306
8.1645918
7.5034471
8.2687321
6.5514884
5.4355917
7.5828838
8.2044373
8.0886059
7.5112901
7.7832241
7.5306334
7.5344572
7.4915657
5.1491542
7.3179708
8.2218628
7.4388037
7.7950587
7.8038435
7.3551846
8.2371016
4.4593182
7.9871364
7.9650493
7.5533614
8.4704008
7.5382667
7.9373746
7.4875736
7.5828838
7.9600744
7.3687901
8.8536654
7.6698952
7.7742553
8.1886892
7.8096571
8.0039835
7.3506079
7.5937338
7.7621708
7.1864686
7.8632669
6.8344164
4.5402508
7.7375541
7.9625649
7.2444315
7.8660102
7.6962128
7.709116
7.8382306
6.9222217
6.9429846
7.8523836
7.8903685
7.7891588
5.9932485
8.0205526
7.4795418
7.5865135
7.5865135
7.8466458
8.5013542
7.5229411
7.327405
7.4632812
7.9424639
7.9847059
7.4550505
7.6564722
6.0769868
8.0886059
7.6831403
7.5682316
8.0528879
7.3179708
7.6080198
7.3687901
8.2389898
7.6665564
7.4995022
7.0598631
6.7789474
8.3274155
7.495542
0
7.377759
8.6125031
8.1706705
7.2292175
6.6295519
7.8240461
7.8522167
6.7539377
7.4915657
7.6430035
7.8522167
7.5458426
8.1188459
6.849369
8.0929823
7.9399223
7.5420618
8.2218628
8.8392763
7.028708
7.9575772
7.7652054
7.8957019
7.9036489
7.9919786
7.4425764
7.7950587
7.8957019
7.974926
7.9871364
7.8632669
8.1252079
8.0368509
8.112442
8.290472
7.4085307
8.3713741
7.9871364
7.4509096
7.6831403
6.6108885
8.4038649
6.935926
8.4763708
7.7772541
8.1867027
7.4632812
8.2832775
8.0973396
7.391151
7.4755011
7.2842326
8.0228968
8.2141562
8.1847134
8.5143318
7.7921128
6.7374754
6.3363199
8.154377
7.8741961
7.5034471
8.1209707
8.1419802
8.9836187
8.5453644
7.8903685
6.3728323
7.6325393
5.7749953
7.1810489
6.8028708
7.9245377
9.3997793
7.9219503
7.7468562
0
7.9219503
7.7921128
8.1867027
8.6802835
8.2650623
7.7861958
7.3180656
4.5402508
7.5645347
6.8030295
8.112442
9.5209713
7.7861958
8.2083359
7.5719151
7.7186856
7.5645347
8.4718971
7.635994
7.6564722
7.20298
7.1920748
0
7.6831403
7.7186856
7.1972213
8.3828449
7.749938
6.531086
5.8801341
8.0709057
7.6896982
6.6673203
8.2742109
7.7772541
7.5570998
6.2712584
8.0929823
7.9675279
8.5453644
7.5570998
7.4509096
7.854991
0
7.4129367
7.7682314
7.9399223
7.7437654
8.1209707
7.0726643
7.7892179
5.6068521
7.9822702
7.4467516
7.6665564
7.9062839
6.996551
7.4995022
7.6255951
8.1038399
4.6821313
6.7457404
8.5257282
7.7468562
6.026556
7.8125515
7.8269558
7.8957019
8.2521114
8.2940493
7.9475269
7.7891588
7.4299445
8.0753603
7.8125515
5.7525725
7.7891588
8.1503859
7.8383431
4.7436891
7.9475269
8.6790686
8.1016779
7.6532235
7.8240461
7.5973248
6.1405001
7.7772541
7.5192275
8.1419802
8.3680305
4.0604429
6.6012301
7.8714747
8.1965942
8.7751522
8.1378136
8.0039835
7.7832241
7.8410435
7.2290101
7.4550505
8.9255114
8.1807213
6.7537713
8.3513069
8.0551577
7.4383836
7.4795418
8.0063677
6.2709885
7.7921128
7.7921128
7.6325393
7.5382667
7.7186856
8.2389898
7.5073762
7.3413911
5.5802689
7.2025547
6.9084692
7.673223
7.7802434
7.4341731
7.9575772
7.0960116
7.8605156
8.7773571
7.5755849
7.9219503
3.103946
7.1195202
7.5229411
6.9290972
7.4299445
7.6831403
7.8823147
7.327405
5.5529594
0
7.7591267
7.8240461
6.3969297
7.4795418
8.0063677
5.6052766
8.2576818
7.7186856
8.5618935
4.4609699
8.0205526
7.9699998
8.1686487
7.7861958
8.5299683
7.6864247
7.5902023
6.5102582
7.6496925
8.4400034
7.7712479
7.5570998
7.9245377
7.3868246
7.1701198
7.7186856
7.9600744
8.9169273
7.4714446
9.0792551
8.2521114
6.7373056
8.066432
7.7406645
7.4085307
6.0621228
7.7621708
6.7619033
7.6462855
7.3179708
7.7530103
8.2687321
8.0298977
8.2446346
7.6290731
6.8262353
7.495542
7.7437654
7.7712479
8.3152523
7.6929607
5.0625949
0
0
5.1491542
6.4659224
7.8438487
7.7026854
7.6462855
7.7530103
7.3461022
6.0604572
6.7457404
8.0368509
7.0598631
6.7367973
7.5901303
0
7.4995022
7.9550743
6.9497194
8.2044373
8.2276049
7.5645347
7.7979956
6.7110448
8.5835161
6.0624552
7.6080198
7.7832241
7.996798
8.1059971
7.5421376
7.7218552
7.5344572
8.2044373
7.3910627
7.5496092
0
6.6763635
7.2939892
7.254683
6.856462
8.1625566
7.6665564
7.4795418
8.4038649
8.1847134
7.5755849
6.2427788
7.4550505
8.7795572
7.5939498
8.3099937
8.3909817
8.3394327
7.6864247
8.1605186
7.5112901
8.250247
7.7437654
8.5727634
7.9920273
8.3795719
7.8125515
7.6255951
8.3513069
7.6930256
6.7373056
7.9036489
7.9822702
8.0158463
6.3974056
7.4128504
7.0030656
8.1706705
0
5.0625949
7.084466
7.673223
7.2183862
7.9348207
7.5496092
7.1483459
7.6462855
6.3740511
8.1357231
7.5719151
7.495542
8.0574226
7.9943914
7.5755849
7.7591267
8.8330669
7.5937338
7.6428666
7.3461022
7.8410435
5.1491542
8.0298977
8.2778473
8.3746414
8.0111179
6.5510802
8.6305218
7.6831403
7.8983579
5.8166857
7.5382667
7.712316
0
7.9650493
7.7059059
8.3762875
7.5345335
8.1827192
8.0797949
8.0483322
8.669301
8.1252079
7.3999224
7.8067546
6.1095648
7.8038435
7.9373746
7.712316
7.9475269
8.1357231
7.9500489
8.2180166
7.5829568
7.7186856
7.6115599
8.7991447
7.7468562
5.9748993
8.2832775
8.0345383
7.7950587
4.9168477
8.0973396
8.0275698
7.4383836
8.0797949
7.6864247
8.3204832
8.2558289
7.5496092
8.2371016
7.8354096
7.8494353
7.9424639
7.9399223
7.8632669
7.2594175
7.635994
7.8382306
8.0864105
7.2288032
7.6009026
7.1974354
7.3461947
7.5901303
6.6389418
7.5755849
6.5204105
7.8354096
8.8151789
7.9219503
7.9798279
7.8903685
7.1701198
7.6496925
7.2793188
7.2595181
8.0929823
8.1605186
7.6994543
7.8211846
8.2483797
7.5382667
8.2760315
8.3990526
7.3999224
8.2256947
7.5306334
8.3411379
7.5344572
7.5344572
7.6325393
7.4085307
8.4054632
7.9773798
5.9752626
8.2083359
7.1194043
8.0063677
8.7265272
8.190671
7.0223589
7.2696166
8.1564283
8.7113495
7.7281642
8.0182018
7.7218552
7.9245377
8.1059971
7.7591267
7.5608244
5.8398108
7.6765399
8.1523218
5.3706379
7.9895606
7.4797835
8.1146669
8.4823055
7.4128504
7.8930387
8.064187
4.9618454
7.7186856
7.6896982
7.8577571
8.0111179
8.3326178
7.6864247
8.1461296
7.336751
6.2427788
6.7455726
7.8183155
6.7115664
7.6186018
8.7437592
7.2341771
7.615087
7.9167552
6.9565454
7.8268991
8.2705612
7.0662231
7.887691
7.4085307
7.6831403
7.7832241
8.3082342
7.673223
8.6059885
7.5533614
6.6938548
7.1810489
6.7870393
7.5937338
7.7742553
7.8125515
7.5306334
7.7186856
8.3082342
6.5312939
7.7772541
7.9062839
7.7591267
7.1864686
7.4171515
7.6530881
6.3230782
7.5865135
7.4915657
6.298161
8.1188459
8.1102982
8.2352095
7.9650493
7.495542
6.0109172
8.359704
9.0402298
7.9141479
6.9565454
5.7727752
8.3047066
7.0159688
7.7218552
7.8240461
7.6009741
7.7712479
7.887691
7.7468562
7.6186018
10.539686
7.20786
7.4467516
7.7281642
8.2333136
7.854991
8.1336298
7.4085307
7.7832241
7.8903685
7.3179708
7.9675279
7.9424639
8.2276049
7.20786
7.5115247
4.5402508
8.3117495
8.0753603
7.6325393
8.3462353
7.2183862
6.7541046
8.3762875
7.4836459
7.7250776
7.9373746
8.1315308
7.9062839
8.3445387
7.9798279
8.2632217
8.4718971
7.5229411
6.8023949
7.6598449
7.5937338
7.854991
6.3981194
5.4355917
7.8660102
8.3047066
8.5536633
8.0275698
7.6929607
6.6581945
7.9062839
8.4689026
8.2650623
7.7832241
8.4022636
7.8957019
7.832581
7.7891588
8.0907965
7.4171515
6.8416157
7.8466458
8.3795719
8.0775805
7.5570998
7.495542
7.4916453
5.9569468
8.1926498
7.4341731
7.7250147
6.7789474
7.0903149
7.7155695
7.5382667
7.2892203
8.444622
8.5687008
4.860919
7.5755849
7.5755849
8.1188459
8.2024822
6.6391287
7.8741961
7.20786
7.8410435
7.5496092
6.7541046
8.0731354
8.2237806
7.9822702
7.8851681
8.1315308
7.8660102
7.8930387
0
5.4039636
7.7250147
7.4509096
7.7468562
4.6821313
8.1398993
8.0886059
7.5937338
7.4835658
7.9575772
7.9847059
8.7618189
4.8631291
8.1946239
6.7950664
7.7313042
3.7776749
6.9637303
7.4915657
7.7979956
7.3998346
7.2646303
8.1481981
7.7186856
8.48526
7.3506079
7.495542
7.5267944
7.8796158
7.7712479
7.6698952
7.8125515
8.3011675
7.5608244
8.9836187
6.8417683
7.5073762
7.8687463
7.7832241
8.0596828
7.615087
8.1016779
8.0686712
4.610868
7.7832241
8.0551577
8.2295113
7.7921128
7.495542
7.7861958
7.9525647
7.4875736
8.669301
7.7591267
6.026556
7.4714446
7.4875736
7.2291141
8.1847134
8.1059971
8.7183828
8.2063885
7.0903149
6.3863983
7.7027497
7.2794175
8.0345383
7.6798458
2.7175291
4.7461739
8.0596828
6.4879017
7.9650493
7.1590695
7.6665564
8.3029385
7.4085307
7.9675279
7.8009238
8.112442
5.9382896
7.7406645
7.6798458
7.0166097
7.3644567
8.1016779
7.7682314
8.8557043
7.5755849
7.7921128
7.4509096
7.8494353
8.6741972
7.9296923
7.7344337
7.0352688
7.972466
7.5719151
0
5.3713021
7.673223
7.4632812
7.7059059
6.6014242
6.3241029
7.5306334
7.7772541
7.6798458
7.8125515
7.404192
7.9919786
6.5716829
7.495542
8.6406746
7.5420618
7.9271183
7.9271183
7.8068128
9.6091166
7.3778481
7.5034471
5.9002886
7.9193563
6.8860936
8.5888491
7.7979956
7.0900769
7.5865135
7.6564722
7.9010601
7.4467516
7.7832241
7.9424639
6.5818272
7.5645347
8.3844776
8.3762875
0
7.9399223
7.7832241
7.2136631
8.3795719
8.7460346
7.6394362
7.6045389
7.4467516
7.9625649
7.6255951
7.6115599
7.5306334
7.9575772
8.2218628
7.6044674
7.6462855
7.495542
0
5.1491542
7.9798279
7.7621708
7.5755849
7.7832241
7.5937338
5.1483245
8.2333136
7.6896982
7.5682316
7.8382306
7.5719886
7.4553809
7.4755011
7.7375541
7.0659795
7.7155061
8.0298977
7.9625649
6.1105165
7.0288343
7.4958591
7.9919786
7.7591872
7.9010072
6.3483896
7.3506079
8.7471704
7.5267944
0
6.4670329
5.6327467
8.0298977
7.974926
7.0960116
7.6428666
7.7832241
7.6496925
7.0223589
8.3990526
6.8936563
8.4054632
7.6044674
7.4995022
6.2441669
7.9675279
0
7.5755849
7.5151887
7.9822702
8.2446346
7.5755849
7.9943914
7.9036489
7.20786
8.1985607
7.3910627
7.8983579
7.6462855
7.5570998
7.9193563
6.9565454
8.2276049
7.8038435
7.4341731
8.6631718
7.7186856
7.632678
8.013485
7.8297439
7.9141479
5.0153856
8.3942184
8.494071
8.0951633
7.3642755
8.2465086
7.8823147
5.6068521
7.8823147
8.0973396
7.635994
8.0907965
7.7712479
8.4006596
7.20786
7.0035849
7.9167552
7.3084474
7.495542
7.7891588
7.9699998
7.6428666
8.3990526
7.6496925
8.0775805
8.2083359
7.9115334
8.5835161
7.6009026
7.7832241
8.3696871
7.9296923
7.8522167
7.756073
7.4387197
5.0106354
8.4644251
7.5112901
8.3064718
8.9188414
7.0476413
8.7346058
0
7.6665564
8.2427559
8.2389898
7.7832241
7.5755849
7.3320889
7.8957019
7.0353942
7.7250776
7.3551846
7.9625649
6.5312939
6.675643
7.0030656
8.4644251
8.6656132
7.7186856
6.8259254
8.3795719
7.5306334
7.7186856
8.0973396
7.4341731
7.8930387
5.8183856
8.1081505
7.8438487
6.6758232
7.5073762
8.2044373
8.1188459
7.7123799
7.5937338
7.072422
7.7621708
6.922503
5.8188105
7.5073762
7.5719151
8.1645918
6.7031879
7.3687901
7.1921821
8.154377
7.9895606
6.0436502
7.8741961
7.8268991
7.9062839
7.7742553
7.6115599
7.7186856
6.8104572
8.410244
8.3445387
6.8489146
7.4509096
7.9036489
8.013485
7.6462855
7.5073762
8.0686712
7.8714747
8.2993927
8.2180166
5.4948235
7.9245377
7.8067546
5.838563
7.6044674
8.3428402
7.7591267
7.1369376
6.8642511
7.053709
7.5937338
7.6994543
7.7621708
7.7802434
7.7375541
7.8268991
7.3229823
6.6487994
7.8605156
6.6398759
8.535594
7.7832241
7.6530881
8.1059971
7.7027497
7.4755011
8.5618935
8.5727634
7.6221046
7.9399223
7.5608244
7.7250147
7.2027674
8.5605259
8.7795572
8.0528879
7.6428666
7.9625649
6.0948586
8.1273203
7.5755849
8.0506124
8.0182018
8.0483322
7.6632066
7.6221046
7.7979956
7.9089122
7.4995022
8.7795572
6.3608088
7.9115334
7.709116
7.7281642
8.0753603
7.9219503
8.4430847
8.3580303
6.4211574
7.2237124
8.0886059
7.3642755
8.0064154
7.615087
6.5910854
7.9010072
7.7155061
6.9771481
9.0427666
7.0290875
8.3445387
7.6044674
8.5605259
8.0820045
7.2443295
7.673223
7.7742553
8.2613792
7.4835658
8.3828449
5.5518517
8.0619373
7.8796701
7.6798458
7.7861958
8.3082342
7.5533614
8.1315308
7.5719886
0
7.6325393
7.8850069
8.330864
7.3274989
7.5755849
8.1315308
8.2521114
7.4509096
8.1807213
7.996798
7.3910627
7.4425764
6.531086
7.7156968
7.1080103
7.712316
7.7832241
8.1481981
8.2613792
7.5497594
8.1523218
7.7591267
8.2613792
6.4551988
7.9193563
7.9525647
7.9219503
7.7313042
8.1584749
7.5903468
8.2333136
7.7742553
7.6831403
4.7424445
7.5151887
7.7218552
7.7950587
7.8067546
7.8067546
8.1081505
8.3696871
8.0528879
8.7334557
7.7281642
7.5034471
8.1252079
4.7399507
8.5214701
6.298161
6.8935113
7.8466458
7.9650493
7.5755849
7.8183155
8.1926498
8.4006596
7.7832241
8.4674025
7.2939892
7.3132205
7.4837265
7.3413911
8.1336298
7.7313042
7.9062839
8.1230917
7.0900769
7.6044674
7.7861958
6.6301179
8.0298977
7.832581
7.8410435
7.5792408
7.8009238
8.7334557
7.8010406
5.4948235
8.4674025
8.2141562
7.749938
7.4042792
7.8382306
7.6765399
8.2237806
8.0596828
6.9640007
8.3942184
7.6496925
7.6255951
8.6971312
7.9399223
5.7061605
7.3954587
7.4835658
8.755085
7.8154378
7.8983579
7.9089122
6.9837899
8.4461575
8.0753603
8.4613781
8.1502619
7.6186018
7.673223
7.5792408
7.8466458
7.7530103
8.1645918
7.6994543
7.9296923
8.4244509
7.7682314
7.7682314
7.4299445
7.8494353
7.1022639
8.2102795
7.6896982
7.6496925
5.839395
6.1557674
6.4987125
7.8297439
7.8522167
7.3998346
8.0929823
7.9575772
7.5901303
7.832581
7.8268991
7.4425764
7.9871364
2.7175291
8.0995111
7.3866477
7.6428666
7.6186018
7.5608244
7.8125515
8.3204832
8.1273203
8.0864105
7.7772541
6.9899931
7.9773798
5.4959965
7.9600744
7.7622924
7.7250147
7.5608244
7.0661011
7.9919786
8.290472
8.5754623
7.9322596
7.9424639
7.7832241
8.3696871
8.3064718
0
7.8687463
0
3.7744017
8.190671
7.5496092
7.9062839
7.327405
7.7186856
5.8398108
8.4228821
7.9373746
7.1755991
7.5755849
7.5608244
7.8577571
7.1646099
7.6530881
8.5901785
7.2391124
7.4591742
8.2005625
7.6115599
7.4214339
8.1686487
0
8.2868814
7.9141479
6.3969297
7.0030656
7.2793188
8.0063677
8.0111179
7.7832241
6.8863859
8.359704
7.6496925
7.26443
7.9271183
7.8009238
5.5529594
7.3867364
7.3687901
7.712316
7.2443295
7.7891588
7.9650493
7.996798
7.4755011
5.1474943
7.7406645
7.6831403
7.712316
7.9322596
7.9525647
7.3998346
8.613801
8.2044373
8.3029737
7.8850069
7.7621708
7.7026854
7.9062839
7.4425764
6.3488894
7.1590695
6.802712
5.9928923
8.1666222
7.035646
7.9141479
7.5267944
7.4714446
7.495542
8.2886782
7.3132205
7.7832241
7.8741961
6.3969297
8.0158463
7.6290731
7.3132205
8.1167154
7.6532235
7.709116
7.3910627
7.6496925
6.2427788
7.6632066
7.9399223
8.0842104
7.5151887
7.9773798
7.5267944
8.0460463
7.6186018
7.9991989
7.5151887
7.6290731
5.8603792
8.1400242
4.4609699
8.064187
8.0391569
7.6598449
7.974926
7.8577571
7.6632066
6.298161
7.0599856
8.5257282
7.6929607
7.4044528
7.7026854
7.7344337
9.2426691
7.4995022
7.7186856
7.5828838
7.6255951
7.3597403
5.3713021
8.5835161
7.7344337
8.4400034
8.112442
7.9847059
7.7281642
7.8796158
8.8628073
5.0106354
7.2340741
7.8009238
7.9475269
8.0753603
7.8096571
7.8577571
7.8741961
7.7742553
8.330864
7.3461022
8.0754051
7.6009026
8.2922621
7.8741961
7.8125515
7.756073
7.6962128
7.6864247
8.2063885
8.154377
8.3812094
7.7026854
7.3507915
7.4384675
4.3748584
8.4400034
7.8714747
6.9968123
8.3308983
8.4461575
8.2668991
5.839395
7.5306334
7.5645347
7.3687901
8.1747026
8.1787186
7.2025547
8.3580303
6.3355608
8.1481981
6.5094075
5.6063271
7.7861958
8.3795719
7.5382667
8.6494741
7.8125515
7.6462855
4.6137052
7.7979956
7.5230179
7.7250147
7.8067546
8.0275698
7.8183155
6.3978815
7.7468562
7.9089122
7.5190725
8.1378136
7.8240461
6.963325
8.1481981
8.2976151
6.5612326
7.3822131
6.466589
4.8631291
7.7155061
6.9635954
7.8240461
7.8605156
7.5535111
7.7621708
7.8903685
7.6044674
7.7742553
7.6864247
7.7891588
8.112442
8.4086533
8.2886782
7.5755849
7.6665564
8.4598665
2.7175291
8.4553175
6.2712584
7.7832241
7.4755011
8.4086533
8.2976151
7.7832241
7.5608244
7.8769097
8.4492207
7.4128504
7.3998346
7.6564722
7.7979956
7.5112901
7.4217758
8.48526
8.7517004
8.2723885
8.0995111
7.1646099
7.7712479
7.7832241
7.3642755
7.4258685
8.330864
6.4778509
7.3037472
7.9991989
7.996798
6.5315022
7.832581
8.1645918
5.2641697
7.6963425
8.6189756
7.6428666
7.9650493
6.8028708
8.2141562
7.9271183
7.495542
7.6632066
7.8522167
7.7530103
7.5035257
7.5755849
7.6632066
7.2340741
8.0298977
8.1481981
7.9550743
8.2976151
7.6462855
7.8796158
9.0188341
7.5865135
6.9363427
7.6564722
0
7.8183155
8.6189756
7.712316
8.066432
7.9600744
8.2742109
7.8268991
7.8823147
7.495542
7.8268991
7.3868246
0
7.8297439
8.6935444
7.887691
7.5458426
7.2743807
7.756073
6.2576675
7.3461022
7.9798279
7.9245377
6.0782971
7.0415368
8.290472
8.1273203
7.495542
6.2717981
6.3109565
7.3954587
8.458353
8.6406994
7.0903149
7.7742553
0
8.2958336
7.4384675
7.6864247
8.0951633
7.749938
7.9373746
7.26443
6.9007306
7.5075331
7.1812658
7.9322596
7.5420618
8.0015945
6.84131
7.9399223
7.5828838
7.6632066
8.6557121
7.9373746
6.8023949
7.4383836
7.756073
7.0352688
6.7374754
7.1972213
7.4875736
7.5570998
8.0414591
8.1081505
8.6557121
7.9798279
8.3828449
7.1972213
8.0709057
7.4995022
7.8297439
5.1491542
7.6462855
7.4383836
8.6085997
8.6215534
7.4836459
7.635994
8.0414591
6.9833927
7.7832241
6.5620403
5.7969255
8.1016779
8.2905073
7.8354664
7.9847059
6.908041
8.2371016
7.6698952
7.5901303
8.4492207
7.1864686
7.673223
7.7921128
7.7891588
8.0907965
8.1419802
7.9167552
7.8268991
5.521461
7.6325393
7.4085307
8.3828449
7.6994543
7.495542
7.8577571
7.4795418
6.9833927
7.8125515
8.0596828
7.5755849
7.2743807
7.7059059
7.6698952
8.1252079
6.4991422
7.404192
7.7950587
7.749938
7.391151
8.1625566
7.6994543
8.2427559
7.8741961
7.8769097
8.0596828
7.4795418
7.8038435
6.7202201
7.2988315
7.9322596
4.6821313
7.4995022
7.7802434
7.5496092
8.1946239
8.2295494
8.1666222
4.3748584
7.5828838
8.0460463
7.887691
7.5682316
7.7218552
7.9550743
7.5755849
7.4384675
7.6394362
8.2160883
7.4045401
7.8605156
7.8494353
8.0368509
8.873868
5.0625949
6.7863946
6.4659224
5.1483245
8.8225746
8.0929823
6.1265574
7.495542
7.9348207
8.0551577
7.5973248
6.9148726
7.7921128
8.330864
7.9373746
7.9219503
7.336751
7.8660102
7.5719151
7.5682316
7.8494353
8.1230917
8.1357231
4.7461739
7.5937338
7.404192
7.9115334
7.5034471
7.673223
7.9348207
8.3029385
8.1787186
7.8687463
8.5564137
7.0096669
7.4342575
7.7250147
7.974926
7.972466
7.635994
7.615087
7.6831403
7.0598631
7.1755991
8.347929
7.545918
8.4999018
6.8495207
8.0483322
7.9063892
7.9725151
7.303843
8.4643946
7.495542
7.6666231
7.8067546
6.5094075
6.7198753
8.1315308
8.3135023
7.4714446
4.5356669
7.5267944
7.2744794
7.4384675
7.3642755
8.5341911
4.9618454
7.9399223
7.3869133
8.3697529
7.8067546
7.7186856
0
7.972466
7.6564722
7.8796701
7.6462855
7.2342801
8.0886059
8.4507484
7.7186856
8.0907965
7.5073762
7.5645347
7.7772541
7.9296923
8.7066326
7.8038435
7.5682316
7.8268991
7.9373746
7.9271183
7.4256983
8.0205526
8.3394327
7.9699998
7.9168077
7.6765399
7.0900769
7.4875736
7.8550463
8.0929823
7.2342801
8.3496199
7.5902023
7.7742553
7.6962128
7.8466458
7.7832241
7.9010072
7.8984113
7.6531558
8.154377
6.0282784
4.609447
8.0111179
7.4835658
6.9700594
7.4875736
6.3740511
7.712316
8.3394327
7.9010072
7.495542
7.673223
8.0228968
9.1323786
7.202661
7.7250147
7.9219503
8.1167154
7.8796158
8.0731354
8.0111179
7.4085307
7.9919786
7.854991
7.5420618
7.9550743
8.1038399
7.8009238
8.4507484
8.3496199
7.8494353
7.9062839
7.8769097
5.9002886
8.9264603
8.0483322
7.5719151
7.8354096
8.2199802
7.20786
8.0460463
8.3762875
7.5755849
7.7861958
6.6208348
6.6489844
7.6394362
8.3974438
7.7281642
7.750061
8.1357231
8.0275698
7.8410435
7.7344337
7.9550743
7.7186856
7.5755849
7.5112901
7.9167552
7.4256983
8.0995111
7.9296923
7.9500995
7.9010072
7.673223
7.6962128
7.7921128
7.6599126
7.9271698
7.5458426
5.0625949
7.9062839
8.0205526
7.7059059
7.7652054
6.7284575
7.6290731
7.4550505
8.359704
7.7832241
7.4714446
7.4384675
8.2063885
7.7059059
7.7468562
8.0775805
8.1016779
7.6929607
7.7406645
8.3563538
6.4209251
7.5901303
7.7155061
6.229919
5.753026
7.0030656
8.671752
8.0929823
7.6798458
7.854991
8.2539711
8.3187418
8.5618935
8.2218628
7.7026854
6.9501305
8.1605186
7.4550505
8.1038399
8.0973396
7.6221046
7.8009238
7.191967
4.9147534
7.887691
8.3909817
8.1965942
7.7921128
7.8850069
5.1059456
7.8009238
8.2389898
8.4006596
7.615087
8.2850809
7.495542
7.9650493
7.7059059
7.6428666
8.3529921
7.8466458
7.5572491
7.4714446
7.495542
7.4085307
0
8.2044373
7.7682314
5.817111
7.4467516
7.979877
7.4467516
7.4550505
7.8577571
8.1231346
6.9905195
7.7218552
8.3291407
7.8983579
7.9010072
8.1867027
7.7186856
7.9650493
7.8382306
8.064187
7.4835658
6.1092477
8.3630428
7.4875736
8.8557043
7.9625649
7.7186856
7.377759
7.5190725
6.936204
6.7373056
7.8851142
8.2276049
6.7023115
8.5577869
7.5306334
7.832581
7.3998346
8.0483322
8.1625566
0
7.8010406
7.8796158
7.5496092
8.3117495
7.8714747
6.0935698
7.6009026
7.6994543
8.4911423
8.1273203
8.2796974
8.6754417
7.3460102
8.0252361
7.9773798
5.0163336
8.494071
7.4835658
8.3011675
6.4883361
7.4795418
8.1523218
4.4593182
7.4835658
8.5243111
8.3861074
7.8183155
7.7832241
7.9245377
6.0091643
8.3779316
6.06179
7.0223589
7.3642755
7.9943914
7.8494353
7.9322596
7.4509096
8.0275698
7.4128504
7.8038435
7.7892179
7.8522167
7.5682316
7.6290731
7.3460102
8.4275808
8.4808254
7.854991
7.1537223
7.3954587
7.7530103
8.0298977
8.1398993
7.8183155
8.8985605
8.0392036
7.0841069
6.9565454
8.1502619
7.8823147
7.8466458
7.4469185
7.9650493
6.3615494
7.8714747
7.7861958
7.8930387
8.3663702
8.1398993
8.0228968
