ln_avg_totq_posttl_contr
7.8968835
7.9132771
0
8.714221
8.7914524
6.7523999
7.7087598
9.4769688
8.1573381
7.8675313
8.3804817
8.1700602
8.2758293
6.0860167
0
8.0063677
8.1200266
7.495542
8.1902313
7.87182
5.3278761
6.6499915
7.5319095
8.7013836
7.7406645
7.9010072
7.9800997
7.7430768
8.2644491
7.5319095
6.4694223
0
7.8525252
7.7924404
8.2040033
7.0523367
8.2800636
7.3207474
6.7328725
0
7.9781966
7.3095841
6.020484
0
7.7621708
8.5015154
7.8760056
8.2009592
9.1924028
8.270155
0
7.5319095
7.8677864
8.0462999
0
7.5554399
7.5641232
6.3407512
8.8787451
8.3254948
0
7.7947316
7.97438
7.6936841
8.436224
8.2912683
7.6201601
8.7214937
8.1637192
6.4690781
8.4878788
0
0
8.9647236
8.5838127
8.2070379
8.6245518
8.7518263
6.3303146
7.0333104
7.846025
8.5456724
9.0226707
7.8350959
7.6009026
8.6836491
5.9044533
7.9857869
8.9300385
9.5672379
7.8038435
8.8615704
7.8372912
6.7649107
8.4338112
7.5755849
8.0480785
0
6.9412975
8.7605753
7.7186856
0
7.5496092
7.1486077
5.8419328
0
7.9989328
8.6423559
7.9531231
6.280396
7.9550743
4.7184987
8.6656132
7.495542
8.037364
6.8146648
8.7829704
8.0692034
8.7050552
0
0
7.3707905
8.5227337
7.972466
6.0601611
0
8.0656843
8.7305107
8.7068949
7.8590269
8.1933079
7.2639523
6.9078665
8.6617746
8.2716055
8.5606785
8.254384
7.9589653
7.5755849
7.8394818
0
8.445817
8.2729959
7.9970651
7.8632669
0
8.1668472
8.5391722
8.7518263
8.5921154
6.4509969
0
7.7087598
8.1117277
7.294528
8.3401909
5.7045231
7.9492092
7.9762902
7.1264443
6.0066266
8.8328142
8.3533659
6.1343617
4.7659655
7.9550743
7.6417246
7.3883967
6.9880033
8.7160444
0
7.3132205
7.2322512
8.3375349
6.1811662
7.9173341
8.0983391
8.3254948
7.495542
0
7.3280725
8.5435104
8.2912683
8.6864672
7.4768496
7.7715826
8.0355663
7.2793188
5.1805344
8.3689508
7.6229901
0
7.9895606
0
8.0119076
6.6985421
8.3160553
7.248425
7.5466809
8.3105793
7.5698705
5.3021989
7.8173571
8.0045137
0
8.1282578
7.3881903
0
7.9970651
6.9982052
8.1200266
7.7333918
6.300786
8.5037699
5.9922976
8.3969316
0
6.8915129
0
4.6140199
8.0551577
8.2190866
8.1364202
6.0842462
7.0716677
7.1264443
5.3560619
9.4532862
7.8195915
8.507143
6.48633
7.4321551
7.6496925
5.1159959
7.6496925
8.329524
8.7032118
8.1917706
7.3812251
7.9914417
7.4318261
7.7574315
3.8091285
8.2324696
8.1067152
8.7087317
7.3095098
7.9213743
8.4728928
8.7305107
7.3846793
8.2339458
8.3994102
8.6559887
8.1509485
0
6.7328725
8.0692034
6.8153963
6.9248309
7.8438487
7.7924404
0
8.0795488
6.1470428
0
8.1445179
7.4800525
0
8.1100597
7.7992978
7.6391077
8.6364565
0
7.8129177
7.5897856
7.6962128
8.9996471
8.0082178
4.5562134
7.3495879
6.6850281
7.8864989
0
8.3817549
7.9153075
8.6579208
7.6470437
8.1461296
8.4386311
8.1217442
6.7322106
0
7.4085307
8.743
8.0551577
6.7966995
8.0864105
8.0846996
7.4448981
5.7048931
0
4.2129502
8.5510578
0
7.8038435
8.0355663
7.5169168
8.0761013
5.4066734
9.1969175
7.6680417
7.8460684
8.7795572
7.0183024
8.5216274
7.6174316
7.7574315
8.4253216
8.1525497
8.7340956
8.3546743
7.5814366
8.6305218
7.8306904
7.9531231
7.2984452
7.9857869
7.5925341
8.3533926
6.48633
0
0
8.1167154
7.7925782
8.5879622
8.6598492
7.7502799
7.8823147
8.468236
0
6.6711888
0
7.7112503
8.3454819
4.6084981
7.9173341
7.495542
7.7947316
6.8966942
7.9570217
8.5744133
7.5953312
7.6549697
7.4800525
8.1668472
8.1979055
8.3050995
8.282876
4.6107106
8.4216604
7.5698705
7.6628332
8.1933079
0
7.6390543
8.3689508
8.9532957
7.7878428
6.6706257
8.2354193
6.3980403
8.7233038
7.6283016
5.7759309
6.6276002
8.743
7.8015733
0
6.1092477
7.377759
7.738246
7.3496594
7.5641809
8.0026569
7.8307347
8.1979055
8.4694023
0
6.9188051
7.9989328
6.8271475
8.1605186
8.9137297
6.1465673
8.1477385
7.9112425
7.8083682
0
8.5369959
7.5289288
8.2926598
8.2368908
7.1313434
7.2639523
7.2638745
8.3817549
8.0621872
8.4093609
8.6443148
7.5840955
8.5838127
7.7502799
6.9722939
8.0210733
0
7.6887608
7.7037597
7.9762902
7.8823147
8.2160883
5.6683474
8.4717312
7.6809454
0
8.0462999
2.8653705
7.3812251
8.3415165
8.433836
8.8694134
8.5337229
0
6.9246125
7.6706357
8.2558289
7.023066
8.6084547
8.2615843
8.9062424
8.6789341
7.9589653
7.7454839
6.7187448
0
7.3169174
2.4849067
8.4878788
9.1901379
7.7786765
7.586916
0
7.9314046
7.5108562
8.1050386
5.588912
8.3728094
7.9393568
4.2904596
0
6.8953032
0
8.3401909
7.7742486
7.9990072
8.1249733
7.6628332
7.6783776
7.3315697
8.0391569
9.1269588
7.4419069
7.6175957
7.7013006
5.9357758
0
7.6255951
6.9565454
8.9885845
7.9531231
0
0
7.8760481
7.3351994
0
8.2398281
8.5304384
7.665441
7.0429659
8.5402584
7.87182
8.909235
6.3974853
7.5812664
8.1525497
0
7.3020473
7.972466
6.9826565
7.6064425
8.5982609
0
7.7575736
6.0473723
8.1364202
7.4641914
7.6936841
7.9609051
7.4641914
7.0081034
7.9173341
7.9511681
7.5467396
6.5191474
8.2009592
7.787889
5.666811
6.6055984
0
8.1266499
7.9233885
8.907733
7.8823566
7.6706357
6.8391194
8.1605186
7.2245917
6.9194641
6.3791804
6.9880033
8.404398
7.8438487
7.9153075
8.1266499
6.4165506
7.0901694
8.9431868
7.561295
5.8588853
8.0063677
0
8.1200266
8.9489756
0
6.9080887
8.1557446
7.9570994
8.7981863
7.7038102
8.1871443
7.8927426
8.1917706
0
5.121315
8.6986065
8.0498524
4.6129179
6.7525301
8.0045137
7.8350959
8.015584
8.6344824
8.7050552
6.6061997
8.1477385
7.9876752
7.8083682
7.6680937
8.4105968
7.3949709
8.8457136
0
0
0
7.9153075
8.8214045
8.0409479
8.6703911
6.7777729
6.6706257
9.0186415
6.6642675
8.1461296
0
6.3201685
7.4893498
5.6086574
7.4831195
8.2786541
7.9294066
7.7739215
0
0
7.3983784
5.5683446
6.3687587
8.0743723
8.0709057
6.3207684
8.4981241
7.1129613
8.7553349
0
8.0533924
7.9970651
8.2250566
7.5496092
8.2687321
7.8717775
0
0
7.4219089
8.2574501
7.7855363
7.3881216
8.2295113
6.5831017
5.0820942
8.1731367
8.115056
9.014596
7.2679129
8.5817318
7.6911492
5.1848998
8.816474
7.3172126
7.7574315
0
7.4924507
7.9609051
7.6628332
7.9132771
8.2309914
7.9492092
8.3766527
8.1525497
7.8151174
8.8328629
7.5755849
7.4351101
7.4769125
7.7162132
5.1855221
0
7.3135905
0
0
6.0052576
7.894815
8.2471323
7.8696566
8.4031534
6.7458897
5.9914646
7.2562971
8.3956528
8.3637829
6.7120109
8.0691681
0
8.017417
8.0569201
6.8505969
8.445817
8.1886892
8.6334934
7.8989472
6.6635585
8.6579208
0
6.6420522
7.8525252
7.7693315
8.015584
8.4167585
8.1715679
7.3095098
8.4265633
7.3352718
7.20786
0
6.5191474
7.22013
0
7.6283016
8.4434271
7.7645321
7.8927426
8.4434271
8.7233038
8.5082645
5.9044533
6.1092477
8.7829704
0
8.693944
8.0812693
8.5962095
7.507812
9.0723543
7.9374142
8.5796461
8.0586786
8.6976614
7.3916206
8.4798374
7.3812943
8.3611889
8.6185455
7.5289288
3.8091285
7.3950391
6.6572976
8.1282578
6.5022902
4.4948592
7.8760056
8.2940493
0
7.2204552
8.3037519
7.4448981
8.2772427
8.0265331
8.4410315
7.04316
7.7260656
0
8.2160883
7.4513707
7.5378442
8.0247164
8.2009592
7.405158
8.5542746
8.8115196
7.6603236
7.7309556
6.519311
8.4913054
7.4119592
7.8129177
6.5600872
7.8781972
7.3812251
8.2630177
9.0749025
7.7598038
8.0674276
0
7.7333918
7.7062631
6.7908468
7.8306904
8.017417
8.2514896
0
8.3507452
8.5628033
7.9173341
8.6827078
7.4581223
5.2446823
7.8284807
5.5657969
6.2161622
8.0983047
7.6549697
7.8503633
8.3624868
8.1249733
8.7251101
6.182085
7.7260656
0
9.2202911
5.1855221
0
8.3880968
8.1216784
7.1486077
0
8.1477385
7.1663518
7.9433093
7.457994
6.9779029
8.5282431
8.4809904
8.2190866
8.2644491
8.2457056
8.3611889
8.0045137
7.762218
8.3133078
7.3242702
7.023066
8.6694374
8.017417
7.5140123
7.5670009
6.7261
6.0604205
7.7832241
5.5876646
7.5840955
4.8112807
6.8390002
8.4935837
8.1216784
8.0932245
8.2427559
7.5926461
8.1668472
7.3425632
8.2744417
8.0445194
7.6861625
0
8.1493454
8.5952034
7.5784297
8.5972357
8.9871969
6.300786
7.9511681
7.5554399
8.445817
8.2898741
7.4799895
7.6443877
6.2034349
8.5370178
7.9838948
0
8.4434271
8.2040033
8.1525497
7.5108562
8.0498524
6.3107262
7.9433093
7.9413352
8.7838221
8.6265459
7.0900769
0
7.7878428
8.6084547
7.9979992
7.755053
0
6.9877982
8.4434271
6.1574497
7.6363769
7.1441441
0
9.2738371
7.4705405
8.5105038
8.1133938
5.0106354
8.2280283
7.0950642
8.1016779
8.0621872
8.6883602
7.6337461
7.8760056
7.495542
5.1159959
7.418581
7.738246
5.2446823
6.5029564
8.2954378
0
7.8844094
7.8546829
7.6783776
7.9970651
7.8906655
7.8038435
8.5249634
6.7582235
7.673223
7.7112503
8.5542746
8.2442169
7.9493661
8.0674276
6.1574497
6.3591895
0
8.0355663
8.0516243
8.2175884
7.7211518
7.7832241
8.4832916
0
7.6523347
7.9989328
7.9030628
5.7769642
6.5831017
7.6256495
7.4384489
8.2471323
7.4085307
0
8.7500849
7.8845763
8.1747026
6.946228
7.5348811
0
8.7196808
9.0098553
8.2843075
7.4017739
8.6305418
7.9762902
4.9728951
6.7716808
8.743
8.1461296
7.8195915
8.223568
7.9648509
7.8611279
10.857502
7.6809454
0
7.256062
8.4068823
8.3956528
8.2383604
7.3672876
7.5259395
8.2729959
7.467371
8.260148
8.0355663
8.4576788
4.2904596
8.9388237
6.5360475
8.4529505
8.0569201
7.6810989
6.9194641
7.20786
8.3023481
8.6384268
7.921576
7.5583429
8.349432
8.1948433
6.8910613
8.6185455
8.1589298
9.0333376
8.767519
7.3881216
5.6478
7.8568358
7.9433093
7.7947316
7.9725041
0
7.2163014
8.6540527
8.4338112
8.1117277
7.7037597
8.5150795
8.4056406
7.1134133
8.2715769
7.8802161
8.3268394
8.2324696
8.1477385
8.2009592
8.5691528
6.4516983
0
8.0966148
9.0491276
7.7186856
7.5898414
7.4737
7.6911492
0
8.8230429
8.2471323
7.7832241
0
9.0333376
7.7358217
7.7526693
7.9492092
8.0692034
8.744771
0
6.4332972
7.5755849
8.7640533
8.7863722
2.8653705
8.5435104
7.4219089
8.254384
6.6274533
7.8128729
7.8195915
8.677042
7.6392145
8.5260429
8.115056
8.2715769
7.7598038
7.7064629
0
7.2908235
7.8568358
7.7309556
0
7.839613
8.3907795
6.2050066
7.8696566
8.245676
7.4385142
8.8678503
7.7503753
8.2786541
0
7.4862394
0
0
8.3173866
7.8240461
7.1745543
3.1403134
8.2471323
5.588912
8.7105646
7.9452801
7.4986234
7.2982945
7.8760056
7.7260656
7.8844094
8.7605753
8.3023481
7.2678356
9.0799789
0
7.4383836
7.9233885
8.2968235
8.5445919
7.3567057
8.3388634
8.3533659
7.1870689
7.3132205
8.6205521
8.5015154
7.9589653
7.507812
8.4228821
8.1994333
7.5525289
8.8082027
8.5149689
6.0322866
8.1216784
7.4768496
8.3481436
7.846025
7.3983784
8.523838
8.4763708
0
0
7.5898976
7.7430768
8.2055521
7.5289288
9.4905024
0
8.1778278
6.2473979
8.0100641
6.6846118
7.4610014
8.3740921
6.020484
8.1933079
7.2716265
7.972466
0
0
5.74015
5.8445101
6.9193544
8.4517651
7.7211518
8.922658
7.6860604
7.5897293
7.9896359
7.8654013
9.3833599
7.5983438
7.7901444
0
7.8195915
8.0337667
0
0
8.1778278
7.7037597
7.8781133
7.4253578
2.4849067
6.3397713
8.4167585
8.1525497
7.377759
8.4093609
8.5304384
8.4600344
7.5925341
8.6043901
7.6523876
7.8038435
6.832912
8.6827078
9.4073677
8.9504175
5.302752
0
7.8611279
5.6276212
8.5510578
7.6936841
6.9191346
7.5612373
8.1331635
7.5672307
7.6628332
7.9550743
7.8864989
7.5169168
7.9762902
8.0499239
8.7305107
3.3557351
8.8279409
7.507812
0
8.8098631
8.9152231
7.6092014
7.405158
5.9650064
7.9433093
8.4482002
6.4939218
7.9353886
8.2744141
8.8007002
6.6058993
7.8128729
7.6064425
6.7843313
0
7.4925747
7.9589653
7.3882589
8.2870808
7.5670009
0
8.5116224
7.6860604
6.8743134
8.0569201
7.0809612
0
7.5199332
8.1557446
7.0280046
8.2070379
7.9951944
8.4969902
7.7574315
7.0426745
7.6963139
8.0063677
8.4493904
8.0864105
0
7.7112503
9.2169847
7.9472466
0
7.3917575
0
8.2615843
8.4623852
4.496099
7.4705405
7.8372912
7.5378442
6.4597306
8.6325045
5.0113759
8.6501694
5.8891859
7.5496092
0
8.037364
0
7.5018187
6.635509
8.0247164
8.836051
7.0993853
8.1541491
8.0915251
6.9079776
8.3779316
7.7087598
8.1050386
7.7645321
7.4285312
8.0604343
6.3299189
8.5920944
8.0228968
7.7012506
0
7.5554399
0
8.3702383
7.5259395
8.1083889
6.9134059
8.2715769
8.2687883
7.0524325
7.3279266
8.2116032
7.9511681
0
8.2235975
7.2283077
8.1731367
8.5521317
8.1266499
8.4482002
7.3020473
9.1614065
7.9609051
7.6758037
7.4285312
7.8989472
7.8284807
7.8240461
8.6827269
7.4384489
7.9970651
8.3663702
8.0674276
8.4167585
7.7901444
8.1249733
8.6920795
7.8416677
8.0427351
7.7526693
0
4.7612238
0
7.3949709
8.1412868
7.9648123
8.6579399
9.303628
5.1836543
7.5981207
8.0283461
8.3092117
8.4775276
7.4118919
8.1886892
7.858984
0
8.7897615
7.4085307
7.6681457
7.1789694
5.3523846
8.1855984
9.0491276
8.8849182
7.4986234
0
7.2324119
8.1050386
6.8089166
8.1067152
8.445817
8.3241472
3.1403134
8.5585699
8.0516243
7.3132205
8.1266165
7.9915171
7.7063627
8.9532957
7.2982945
7.2984452
8.332201
7.0995688
0
7.3495879
8.1793871
0
5.2458539
6.2997661
8.9767256
8.1016779
6.64956
7.3531532
6.6642675
8.9767256
7.3780365
7.9153075
7.7285137
7.4956656
7.9914417
8.2729959
8.6305218
6.5668287
6.4604259
7.7309556
7.9705486
8.115056
8.0569201
6.613235
7.1443195
8.6185455
7.8525252
7.248425
8.4118328
8.4612103
7.1176558
7.755053
7.9333987
7.5727315
0
6.7120109
4.9376664
8.0337667
8.4289932
7.7924404
8.538085
7.7236118
7.5813231
8.8246775
0
7.9876752
0
7.5730743
7.8306904
7.586916
8.2870808
0
8.311944
9.1062136
8.714221
7.9800997
8.4635582
7.4152422
7.3354168
0
8.9062281
9.1619787
7.7454839
7.8546829
7.6549697
7.7211518
7.8413944
7.7137351
6.5519729
8.1917706
8.1380453
8.2265434
7.5496092
6.2265368
8.3753738
7.5319095
8.8662834
7.20786
7.8568788
7.9801755
8.6808224
8.3637829
7.1176558
8.7340956
8.8771963
0
6.9517722
8.3637829
0
8.4855881
8.1605186
6.0322866
7.9989328
6.9775925
7.467371
9.0799789
6.7712989
8.4901648
7.4578018
8.7160444
8.8098631
0
6.9461207
8.4958563
8.1315308
7.5229411
8.3467999
0
8.1933079
0
7.9550743
7.7285137
8.6413755
8.3507452
7.9173746
8.1731367
3.5328753
4.7175064
7.1357756
8.6225538
7.5140123
6.3405552
8.4482002
7.9511681
8.1809435
8.1541491
7.7454839
7.5496092
7.6310005
6.3405552
7.6339073
7.5755849
8.223568
7.8173571
8.1445179
8.0301561
0
4.8130875
8.0409479
5.8441882
7.4831195
7.894815
7.9667025
7.8927426
7.8128729
7.858984
0
8.4505787
7.9914417
7.7012506
0
8.1067152
7.7454839
7.9705486
7.9838948
7.6092563
8.2572994
8.5941544
7.9173341
9.2852421
7.7762551
8.3023481
8.3133078
5.0820942
9.0925703
7.3389602
0
7.2160568
8.0898228
7.586916
6.7060471
6.6848893
8.5920944
8.1016779
7.9213743
7.4119592
7.0182028
6.9301691
7.5641232
7.8015733
7.7762551
7.99332
8.2884789
7.0946956
7.8061085
8.6265459
7.0333104
7.9705486
8.4981241
5.9794483
7.6496925
8.5304384
9.0685205
7.5785999
7.4545913
8.5260429
8.4600344
7.7645321
7.1703758
7.0378084
7.0715733
8.1266499
7.5812664
0
8.546752
7.0619059
2.4849067
8.9300385
8.349432
7.2679906
7.0808678
7.7715826
8.7752752
8.0846996
7.8864989
7.9686275
8.3969069
8.8771963
8.4006596
8.8568354
7.6707397
7.4738264
7.8284807
7.6912508
8.0410194
7.8417549
7.8885846
7.7762551
7.9628415
8.7196808
8.329524
8.7087317
6.477314
7.7260656
0
7.7833166
8.1477385
7.3672876
0
8.0498524
3.8115885
7.7040105
7.6174316
6.4338326
8.0795488
7.8568358
6.1934981
7.6962633
8.2954655
7.5556726
7.735919
0
8.4947205
7.4383836
7.8328958
6.9137373
7.6364841
8.5037699
8.0999928
8.1731367
8.7998629
7.5812664
6.53508
7.0905395
6.5360475
8.1762667
0
7.97438
7.738246
6.670907
8.0516243
8.831193
7.9174151
8.4006596
8.1541491
6.2699375
8.5606785
8.3428659
0
5.8913374
0
5.9652915
8.4265385
7.9233885
8.6245518
7.8106232
7.8262658
0
8.9431868
8.3842964
7.7454839
7.1870689
7.3424196
7.3132205
5.8585677
8.4006596
8.8456974
6.2791467
7.7137351
8.3268394
8.3146687
5.8435445
8.5754623
0
8.5542746
7.8240461
6.1092477
5.8592024
5.8273106
8.5838127
8.2954655
7.1954374
7.6228814
7.821866
7.6523347
8.0498524
7.3353443
7.1912622
5.5456114
0
7.7236118
7.9353886
0
7.8675313
7.7970171
8.1083889
7.4924507
0
7.586916
7.8328958
7.9762902
8.4981241
7.846025
8.558548
8.4277544
8.4313936
7.9839325
5.8601527
8.2842798
7.5554399
8.3133078
7.7062631
0
5.0106354
0
0
7.9051137
9.2147751
7.9819989
7.8717775
7.0332127
6.2686753
8.5105038
7.2677579
7.8864989
7.6497455
5.6066189
7.8654013
7.7574315
7.0081034
8.0639372
7.4705405
6.9624801
7.5047584
7.5897293
7.507812
8.7068949
8.614522
8.549983
7.7236118
4.6140199
8.037364
8.3663702
7.7621708
7.9550743
7.0572281
8.0337667
0
0
0
8.2175884
8.3689508
8.3079252
7.7285137
8.6185455
7.7358217
0
5.4046774
7.0760908
7.7454839
0
8.2898741
7.7333918
9.6705742
7.2677579
7.8654013
7.8240461
7.8927426
6.9132953
5.811141
8.6013298
7.8503633
8.7305288
6.885396
7.1832805
7.9393964
7.7668877
8.9099855
5.3523846
6.9247217
6.8968067
7.4545913
7.9951944
8.3064718
8.9561644
8.1621046
8.3559809
8.7178822
8.3715248
9.1980429
8.4192133
8.9532957
7.8738937
8.2339458
6.5198026
7.8306904
7.4545913
8.0569201
8.1948738
7.9233885
7.858984
5.5464787
7.9010072
0
8.2729959
7.6336923
5.7947059
7.9532795
8.5879622
8.758831
0
7.97438
7.5437441
6.8387623
8.4728928
8.5060196
7.1441441
8.836051
6.4769726
8.0063677
5.0106354
6.1703076
8.1477385
7.9781966
7.6119523
8.507143
8.0427351
7.1356874
0
8.1100597
7.6174865
8.1917706
8.8197641
8.4600344
8.0082178
0
8.0656843
8.0319633
8.3214483
8.5478306
7.2910504
6.2473979
8.4981241
8.6722956
7.0666566
7.8802161
0
0
7.7406645
0
7.5348811
7.7809067
8.1478348
8.1200266
8.60744
7.9051137
7.894815
6.4152789
7.586916
8.8263102
8.4832916
8.2995901
7.1615357
5.4553213
8.2644491
0
8.5920944
7.6962128
8.6013298
7.8240461
8.3585882
7.8887095
8.5553446
7.0378084
7.9472466
8.6245518
7.495542
7.9452801
7.7186856
7.5199332
7.6390543
9.3972807
6.469595
8.4763708
8.2884789
8.7726965
7.2203736
8.0391569
7.7855363
6.8738537
6.9622436
8.4564991
6.9625592
6.7842054
8.6090889
8.220583
6.7261
7.8061085
8.2558289
7.7479324
9.0981665
7.8284807
7.6911492
6.8966942
0
8.1298952
8.1573381
7.1956038
6.826786
8.2265434
7.6706357
7.7163124
6.0983238
7.9492092
6.7255669
7.507812
7.6523347
7.2121305
8.1886892
6.8208652
7.7430768
8.3793097
7.5897293
8.6364565
0
0
8.2673063
8.814826
7.7186856
8.2024822
7.9609051
8.9788284
7.9051547
7.9570608
7.7309556
7.6783776
5.8592024
0
7.9951944
8.9858065
8.4623852
7.9413352
6.826786
8.1840487
0
3.5328753
7.9609051
7.4674978
5.5868325
4.5562134
8.5048952
8.0846996
8.1233273
0
0
7.0993853
7.7742019
8.1918011
8.2250566
6.4692502
0
7.9051137
0
8.1493454
8.4482002
8.260148
8.7078133
6.9565454
8.4241028
7.8218212
8.2912683
7.8262658
7.6119523
8.2309914
5.4524679
7.6628332
7.5437441
7.7645321
9.2965183
8.0301561
6.236587
7.9686275
8.2115736
0
0
7.7993436
8.2383604
7.1703758
8.2324696
7.2604446
8.7709742
8.6703911
7.9174552
0
8.5951824
8.0355663
7.7947316
0
7.7878428
8.753582
8.6732464
9.0837688
8.0480785
7.8173571
8.1100597
5.5460453
7.256062
7.4641914
6.8801556
7.5613527
7.9010072
8.2324696
7.9762902
7.9762902
7.7855825
7.8106232
7.3169174
8.3214483
3.8115885
8.2130804
8.6094685
7.6363769
8.2744141
7.6886082
7.9153075
7.3983784
2.8590212
7.0476136
7.8240461
8.4658995
6.64956
7.4799895
7.5612373
7.5437441
7.20786
8.2280283
8.4981241
7.9781966
7.9132771
7.6911492
8.6403933
7.7527647
0
8.2220764
6.9982052
7.6886082
2.4849067
7.9173746
7.7992978
8.8694134
8.0533924
8.0569201
7.9233885
6.9188051
8.5691528
0
8.8098631
7.9010072
0
7.507812
7.8844094
7.1268015
6.7517509
9.3335409
8.3254948
6.6423421
7.6310544
8.0228968
7.9686275
7.4893498
7.846025
8.1184387
7.8438487
7.1529646
5.4056759
7.1266232
0
8.0427351
7.4448981
7.9800997
8.7123947
0
5.0106354
5.792336
0
8.9618788
7.8752618
0
7.0280046
8.0319633
8.6540718
8.5733633
6.9243937
7.6496925
8.4482002
8.5435324
0
8.7013645
8.4031534
7.4831195
7.8802161
7.7186856
8.4167585
8.2191162
0
6.9826565
7.3169174
8.0137472
8.0445194
8.4216604
8.2398281
8.6443148
8.5304384
8.1809435
0
5.2999825
8.5413437
7.7574315
7.3208213
8.2772703
7.6783776
7.7087598
7.3950391
6.0715075
6.1705403
7.9609051
7.7454839
8.6265459
8.3507977
8.4913054
8.3349781
8.2658787
0
8.4517651
7.5755849
7.415309
7.9970651
6.4509969
6.8505969
7.9705486
8.1100597
7.4862394
6.7327404
7.8989472
2.4849067
7.6497455
7.8372912
8.5127831
6.5899959
7.9951944
0
9.0787115
8.1589298
5.9632936
0
7.8262658
7.9333987
0
8.3335371
0
7.4926982
8.3188238
7.7037597
8.3050995
7.5196247
8.1605186
8.3969069
7.2447038
8.909235
7.7739215
7.418581
8.3362045
7.2986708
8.2572708
6.3687587
7.3462253
8.6185455
7.9472466
8.7761326
6.9354787
6.7052312
6.3980403
8.1747026
8.3009701
7.8802161
8.3689508
8.3817549
7.5496092
7.7012506
7.6310005
7.8306904
7.7358217
7.6523347
8.5435104
7.9051137
0
0
8.4913054
7.0033684
7.0329185
7.6283016
0
8.4216604
7.7502799
7.9010072
7.9667406
7.5319691
8.2471323
9.1741371
0
8.743886
7.8195915
8.8456974
7.9153075
8.7421131
8.1541491
7.7087598
7.9951944
8.3050995
6.4063296
7.8675313
7.9132771
8.0621872
8.946085
8.4216604
8.0247536
8.5691528
8.2160883
0
8.9590406
8.0829859
6.8969188
7.8864989
6.8852825
7.3742805
8.4694023
8.5733633
7.7855363
7.8844094
0
6.8212285
8.3637829
8.8328142
6.7520108
0
7.166266
8.658886
8.3214483
7.9233885
7.5379624
7.7037597
7.6391077
7.7358217
8.329524
7.1485205
7.87182
8.3507452
8.3160286
7.8927426
5.1842775
8.4600344
7.846025
7.764626
7.7527647
6.9877982
0
8.2687321
7.97438
0
7.7406645
7.5348811
7.7186856
6.590301
8.1085234
7.4769125
7.4928222
7.6912003
5.9215784
7.5378442
7.8948565
7.5261192
6.7120109
6.765295
7.1870689
8.7269135
5.3278761
7.6174316
8.1636877
7.1441441
0
5.0505681
8.7214937
8.7340956
7.6886082
5.6497564
8.897151
8.6967335
8.9032116
8.9675608
8.5105038
0
8.2220764
6.0188637
8.3880968
7.7309556
6.9243937
7.7832241
8.2457056
3.8066626
7.45472
7.8062892
8.1282578
8.1167154
8.4314175
0
8.5391722
8.4612103
8.4763708
8.0761013
8.2673063
7.495542
7.0030656
7.7668877
7.3461537
8.4517651
8.1315308
3.8115885
7.7832241
6.5360475
7.3242702
0
8.2100639
7.5612373
6.2146082
8.5060196
8.401907
7.6628332
7.8906655
8.4809904
6.790597
0
7.673223
8.7004404
7.5727315
8.017417
8.1699972
7.6886082
8.1067152
8.2658787
8.1347933
7.657598
5.2983174
8.5060196
7.5108562
9.2092285
7.9914417
8.4752131
7.7062631
7.1703758
7.6443877
0
8.892581
7.1706324
5.4036779
8.5271435
7.4219089
8.4969902
7.673223
8.5910635
8.6354704
6.3791804
8.1933079
8.2514896
7.5642962
8.4786835
7.8240461
5.8592024
7.4448981
7.7598038
8.5082645
8.2485876
8.9568806
0
7.657598
8.2398281
8.519413
0
8.6225538
8.1249733
8.4505787
7.1444073
7.5466809
8.2940493
8.0498524
6.8327923
8.5628033
8.5149689
7.5496092
7.248425
7.0575151
2.8653705
8.6608124
6.3403592
4.0312862
7.3169174
8.0210733
8.2427559
6.9191346
7.7062631
7.1087894
5.6683474
7.6706357
7.8802161
7.5757556
7.5812664
6.8151526
8.4410315
7.7574315
8.8456974
5.7419343
6.2161622
5.0158072
6.8798132
8.2427559
7.8927426
7.3637729
8.6789722
8.5775566
0
5.9644361
8.3637829
7.7112503
8.220583
6.6988158
7.8845348
0
7.7809067
7.8844094
8.3507452
7.6174316
8.614522
8.3969069
