ln_avg_totq_posttl_treat
7.6810989
8.94028
7.6110177
8.2265434
8.344162
6.9077554
5.7599525
6.6202211
6.6984048
8.0940733
0
8.8328142
0
7.683506
7.9574108
7.6759586
0
4.3055654
7.9693193
7.59343
8.4410563
7.6470437
8.5686045
0
6.3501096
7.9452801
7.586916
7.77742
5.8256721
6.5832558
8.549983
8.8197641
6.1350837
8.2786541
8.4204378
7.846025
6.3506918
1.8632184
0
8.5293636
7.6279702
7.2832193
7.1917639
0
0
0
8.1461296
8.344162
6.9877982
5.3021989
7.377759
6.8654275
7.7740149
8.2814713
7.7330995
7.7992978
8.1298952
7.8151622
8.4167585
8.2055216
7.1441441
7.99897
9.2224884
0
8.316083
8.0026569
7.5871978
6.6126385
8.0743723
7.9269233
7.5614686
7.9333987
5.8743062
6.7837024
7.3826084
7.815207
7.2362595
6.7837024
7.5405035
9.2103519
8.1636877
8.5733633
8.404398
5.2446823
9.0023594
4.3609734
5.6691141
9.0253487
7.5784864
7.7947316
6.9516659
7.113142
7.7012506
7.0132155
8.1011391
8.0846996
7.9675884
8.1380453
8.0983047
7.8128729
7.8875422
7.9492092
7.738246
7.4768496
8.5510578
8.2514896
7.9013772
7.391552
7.5727315
7.7992978
7.9393568
0
6.5827942
8.7269135
9.0491276
8.1874542
7.0164104
7.3567762
7.3736534
8.0656843
0
7.7739215
8.7778463
7.7832241
6.469595
4.6129179
0
8.4958563
6.258944
8.6646547
7.9153481
2.4849067
8.5363417
0
8.7358828
8.6462698
6.8511848
7.909204
0
6.3969297
8.2968235
8.5851421
7.7947316
6.2857914
0
8.0898228
7.538022
6.9672813
7.271781
8.0355663
8.3629017
7.8976269
8.2486744
7.7289534
7.8525252
7.7334404
7.796926
7.4085307
8.7761326
0
7.9940701
8.1298952
8.328558
0
8.1084557
7.0903544
7.1658368
7.3315697
8.1295023
8.3931408
5.4351764
4.7175064
8.8504858
7.2872567
4.9736638
7.8394818
8.5282431
8.2995901
7.7832241
6.9079776
8.245676
6.9618225
8.3467999
8.1948433
5.4562702
8.344162
8.6550207
0
7.616612
8.0966148
7.3132944
7.9179816
0
8.0355663
7.7211022
0
8.7846727
7.4610014
7.4465203
8.9182043
8.4705677
0
7.9173341
7.6603236
6.534596
8.0881186
8.9107361
8.0999928
8.6834602
6.7255669
8.0812693
7.3242702
5.9647212
8.4192133
7.4272103
7.9819989
7.0081034
7.6758037
0
8.8197641
8.2309914
8.1445179
0
6.0715075
8.4576788
7.1743841
7.6915045
8.311944
8.1445179
8.0259886
8.4855881
5.5443091
8.7340956
8.3348713
7.3095098
7.4481397
6.7775202
7.6092014
7.9970651
8.260148
8.2471323
8.5383892
7.2794719
8.2786541
7.7454839
7.738246
0
7.7970629
8.4958563
7.7697072
7.7260656
7.6283016
0
7.9531231
8.5786018
4.9790301
8.3428402
7.8416677
6.9026313
0
7.9914794
4.6140199
7.7116485
5.1842775
7.8802161
8.3160553
8.814826
6.2997661
0
8.0510931
8.4228821
0
7.6064425
8.4338112
8.5138769
4.6140199
8.0824022
7.8128729
6.7837024
7.5440969
8.1341419
5.7596025
7.846025
7.1995955
8.2427559
8.8488922
8.5127392
8.7631845
7.9294066
0
8.2310505
7.9492483
8.1347933
0
8.1636877
8.2485876
7.5814366
7.4877338
7.6391611
7.6912003
7.7212009
5.9363627
8.329524
7.9416118
8.2968235
0
8.3428402
8.2814713
8.5369959
6.1925898
8.1477385
7.3531532
6.1070228
8.8148422
8.3133078
6.5024567
6.7525301
3.6805112
6.2593689
8.245676
7.9924941
7.0476136
8.0183697
7.2160568
9.3116932
8.1016779
7.0157123
9.1160297
8.2772427
8.5391722
7.1219702
8.648221
0
7.0133157
7.7112503
7.5727315
8.5359058
7.3778281
7.8802161
7.5925341
8.7772474
0
8.1008358
7.4118919
7.5945492
7.5378442
6.1285658
7.8108029
7.9762902
7.894815
5.0135937
7.5755849
8.6285353
8.1886892
5.9343061
7.9531231
8.0427351
5.6078424
0
7.7105536
7.8864574
8.9047203
6.0844994
8.3969574
8.1699972
7.2677579
7.7898684
7.6372881
8.2572708
8.0007963
8.43964
7.5632582
0
8.0210733
7.7062631
8.2744417
7.6497455
7.5784297
8.3559809
7.8781133
7.2638745
0
8.1525497
8.4434271
8.5680971
7.8218212
8.2130804
7.7260656
8.0284185
6.5831017
8.6911469
8.4167585
6.3409472
8.2009592
0
8.115056
8.0778265
8.0949211
7.8460684
9.1878672
6.5977521
8.6827078
8.4878788
8.7394657
8.4241276
8.1412868
7.4246955
8.0026569
7.7598987
7.9314046
8.5337229
7.2208614
7.3460102
8.3078432
7.3060093
7.9153075
7.7310042
8.1868668
8.744771
8.1731682
6.9827595
7.97438
0
7.9071608
8.558548
5.1805344
7.7211518
8.6285353
8.1809435
8.4334249
6.3691397
0
8.9927368
7.7358217
7.9132771
8.0007963
0
8.54632
8.0409479
0
7.769238
7.8773551
8.9359035
8.0119076
7.5953312
7.8240461
4.89784
8.2926598
8.5003862
7.4320235
8.0855551
7.6283016
8.4576788
9.0530367
8.6694374
6.5831017
8.0026569
0
4.899497
9.5979204
8.9359035
7.7186856
8.5920944
2.8653705
0
7.8546829
8.1095591
8.1684237
7.9819989
7.4318261
7.6911492
0
8.8328142
7.0948801
8.0551577
8.1216784
0
7.2303219
7.9191542
8.3792076
7.6061664
7.673223
8.3663702
7.673223
7.9413352
7.4018416
0
7.7901444
8.0836716
7.7260656
7.3467984
7.8844094
7.3847485
8.329524
0
7.4705405
8.2175884
8.78722
8.0639372
7.6470437
8.3214483
8.1315308
8.3415165
5.8585677
7.1176558
8.5542746
4.763123
8.4658995
0
7.3396096
8.3105793
7.7503276
7.9294066
8.2247887
8.492445
0
8.1840487
8.0947514
8.2514896
7.5755849
8.6845894
7.9173341
8.3994102
8.0569201
8.2995901
8.0210733
8.4969902
8.3255215
8.0586786
0
6.1224928
6.6133842
0
8.0283461
8.4326029
8.6305218
7.2521329
8.0983047
8.3637829
6.7327404
7.8968835
8.2856817
8.4105968
6.6779227
8.4947205
7.4642553
7.7739215
9.0484753
8.3325224
0
7.4578018
7.5672307
5.4998965
8.3375349
7.9010892
7.6417246
7.9051137
7.6911492
8.5962095
7.8306904
7.9452801
6.7390738
8.6305218
8.2398863
6.9775925
8.5149689
0
8.6859789
6.856462
7.3742805
7.9990072
7.6758552
7.4085307
8.1887197
8.3187695
8.2514896
8.2427559
7.3095098
8.0966148
8.1509485
0
6.7045503
7.9647737
8.1871443
5.8761783
7.0900769
7.8675737
8.4740534
7.6788917
8.0585384
7.5554981
8.2884789
0
0
7.3637729
7.7924404
0
7.507812
8.0100641
8.6165352
8.0674629
8.1760168
8.5651789
6.5437522
7.7333918
4.3638062
4.4911304
8.223568
0
8.0812693
8.3817549
8.3023481
8.3187418
8.2746687
8.2572708
8.1216784
7.5138912
7.7162132
7.3883967
8.1840487
8.1183729
0
7.507812
6.50279
6.5434322
8.4752131
8.6902122
8.5359058
7.6550751
5.8429003
7.738246
0
8.5026655
7.7285137
8.3214483
6.9246125
8.0570602
8.3146687
8.1621046
7.3637729
0
7.9648123
0
8.6265459
7.6119523
7.5017571
7.6602192
5.6070271
8.3994102
8.1226683
0
5.0512795
8.0210733
8.5127831
8.2009592
8.3817549
7.0948801
8.1364202
7.0809612
7.6861115
7.6963139
5.676373
8.7922964
6.3103223
8.2982073
9.0226707
7.7430768
7.869699
8.1412868
7.5289288
4.6655335
8.3310242
7.8218212
7.8546829
7.9970651
8.1994333
4.5503621
8.3236084
8.3078699
7.8420606
7.9333987
8.1963758
6.6555834
7.561873
0
8.1445503
8.3428402
7.2800846
5.8114738
8.3454819
0
0
7.7406645
8.3753738
7.640337
8.3064718
7.3918948
7.8195915
6.0588636
7.8611279
7.9326015
8.1249733
7.9353886
8.2856817
8.2190866
7.3133683
8.1652689
8.3454819
8.8115196
8.909235
0
8.2995901
6.3209682
7.0904469
8.115056
5.7933521
7.9804039
0
0
8.8131742
0
8.3842964
7.5348811
7.7309556
6.6984048
7.0810547
8.2907104
8.1216784
8.1684237
5.4283705
6.9077554
8.1252031
8.6325045
0
0
7.7430768
7.0331144
7.6962128
7.9686275
0
8.4289694
7.8781133
7.9333987
0
9.3226767
4.3290873
8.4434271
7.0913725
8.7518263
7.5670009
8.2457056
8.4930143
7.9179006
8.3572855
8.4670687
7.8558459
8.2076139
7.5897293
7.8394818
6.0715075
8.0427351
7.7248392
7.9149017
8.5127392
7.3672876
5.8094764
7.1355991
5.792336
7.4152422
8.5413437
6.5784793
7.8151174
8.3401909
7.3707905
8.2558289
7.8927841
6.4694223
7.7725658
6.53508
6.9671764
8.7013645
7.7333918
7.0900769
6.1470428
7.6283016
7.9762902
8.3713198
8.4809904
8.7114801
7.568953
8.0498524
8.4130669
8.5003862
8.3146687
8.2024822
5.8904157
8.6540527
7.673223
8.0119076
8.6656132
7.8196363
7.6443877
6.7777729
6.8799272
7.9333987
8.0210733
7.0036712
8.234005
8.0551577
7.3917575
7.9030628
7.8559752
0
7.7924404
0
7.3792162
6.8027649
7.8413181
7.3878469
8.1461296
8.5670624
7.9461064
8.4844408
9.2398996
8.0999928
8.0726404
6.1229801
8.4093609
0
7.6603236
0
8.2614975
8.907733
2.4849067
7.9647737
8.404398
7.9801378
0
0
8.2130804
8.8956299
8.4600344
8.4194574
7.8120632
6.50279
7.4253578
8.3637829
8.5775566
9.2779989
7.1617084
7.586916
0
7.4831195
8.5127392
7.8989472
9.2312317
9.1838827
0
8.1684551
8.4908495
8.3783655
7.1532254
0
8.1917706
7.5308375
7.8580394
7.9789109
8.1684237
7.7621708
8.6751461
8.7944717
8.6265459
8.6315136
0
7.377759
6.5510802
0
7.6602192
8.1170473
7.7904201
8.5712605
6.6564407
7.1704612
7.161622
8.4265385
0
0
5.1487856
7.5897856
8.401907
7.4924507
8.6297674
7.2638745
8.6636953
7.9410582
7.4895983
8.2968235
8.2658787
7.8389344
0
8.2130804
7.7598038
8.0283823
8.5183258
7.4925747
7.9353089
8.8647156
0
5.0106354
8.0355663
8.3375349
8.1569405
7.7853975
7.5108562
8.6579208
8.0743723
8.7998629
9.3016024
6.8631067
7.5460944
6.1092477
7.9705486
8.814826
6.8153963
7.3388162
8.3766527
7.8864989
7.7113004
0
6.8505969
8.4031534
7.9452801
0
0
8.6084547
7.8906655
8.5260429
7.5813231
7.9550743
8.0445547
2.4849067
8.0011692
0
8.0969191
9.05305
3.9296446
8.1033602
7.5289888
7.1745543
7.405158
8.6245518
7.7660871
7.2907476
8.0778265
7.8438487
7.9082646
8.2954378
8.0355663
4.8121843
8.1715679
7.8173571
8.4993229
7.2899137
8.0516243
0
0
6.422164
0
7.7809067
0
0
8.6694374
7.7933578
7.1912622
7.9361439
0
8.1637192
6.3982253
7.1618805
6.1574497
6.8625255
8.2911291
6.8836904
7.4924507
7.8328958
0
0
8.6656132
6.1807065
8.260148
8.4969902
7.4737
7.6390543
8.5216274
8.1412868
8.1855984
0
8.327877
7.9531231
4.9775
7.5108562
7.755291
7.8738937
5.6687307
8.1183729
7.3242702
8.0480785
8.3507452
7.3983784
7.5169168
7.6417775
7.7985229
7.8328958
0
0
7.64007
8.2814713
8.3064718
8.2175884
0
8.2064323
0
6.9723978
8.9575968
8.3316126
7.1355991
0
5.4524679
8.0100641
8.6472464
0
0
8.2442169
9.1695185
8.4821415
0
7.0900769
8.0026569
6.3795576
8.3428402
8.3918819
6.9512405
7.5289288
6.5746107
8.2995901
8.106883
8.180974
0
7.8242235
8.4338112
8.714221
7.6853967
7.9667025
8.523838
8.4410801
8.8631439
7.2282271
8.513587
0
4.8103762
8.2884789
7.614696
7.9647737
8.2868013
7.9294066
6.8741984
7.6771431
8.7778463
6.9192448
5.5859995
6.2482576
8.7447891
8.0743723
7.6064425
8.1477385
8.0391569
7.6809454
0
8.5369959
7.5812664
8.332201
0
7.6602192
9.3720808
5.6687307
8.8263102
7.7693315
7.0232639
7.9173746
7.657598
0
6.9516659
6.8092847
8.4832916
7.5841517
5.9215784
7.8968835
6.9080887
5.3560619
8.0881186
8.5127392
6.0735564
7.8548121
6.3876271
0
7.9877133
6.3107262
8.2615843
8.210124
1.8632184
7.5199332
6.8664703
7.5812664
8.5521317
6.712821
6.8393574
0
8.2040339
7.8151174
8.3943977
8.7914524
7.3779674
8.3348713
6.3687587
6.4427171
8.0049591
8.6094685
7.2017508
7.3169174
4.8130875
5.0869102
7.2677579
6.8452888
6.885396
8.0007963
8.2995901
7.9353886
8.6275415
8.6930122
8.3893595
8.4301815
8.0439844
8.1135597
4.7612238
6.1581554
7.6310544
8.598876
7.4874849
0
0
9.1648779
0
7.6065531
7.9253983
4.4321389
0
8.4647293
7.6614747
0
7.5670009
0
8.0656843
7.8919954
7.4894123
8.3050995
7.3132205
6.6420522
0
7.9030628
6.8448153
0
8.8895226
8.9373646
7.6009026
7.8240905
7.9705486
8.3214483
8.0881186
7.4118919
9.1833115
7.2501621
7.2762489
8.1681719
5.5456114
8.6443148
7.8504066
8.8552513
9.0159464
6.1934981
8.1249733
7.9066701
7.9433093
7.6063323
8.4056406
0
7.9233885
7.8095412
7.99332
7.2362595
9.028019
8.3994102
8.1621046
4.7125287
8.359889
8.245676
8.6636953
8.2539797
7.5437441
6.6058993
0
6.2374563
7.6706357
7.1870689
6.9406528
8.021183
8.5806894
0
7.2042317
5.588912
8.1762667
8.3676615
0
8.0656843
8.1637192
8.1396675
9.1269588
7.9989328
7.6758037
8.4764404
8.3323088
8.0526857
7.8243127
7.0298748
4.9790301
6.3591895
8.5564356
9.1154194
8.6244316
7.3057857
5.8114738
8.0002375
8.507143
8.182497
5.5674958
7.6987348
7.8503633
3.5328753
0
8.0943441
0
6.5189834
8.0192842
4.8130875
8.1016779
8.1468697
7.7786303
7.0478072
7.5652175
8.4350424
7.586916
8.5765095
6.4605999
0
0
0
0
7.4146399
8.7233038
8.1963758
0
6.6565838
8.2579041
9.153182
8.5521317
5.7766199
7.738246
8.5060196
7.9838948
7.0715733
8.5838127
7.941493
0
0
8.7160444
7.9762902
8.9590263
5.6288195
7.9914417
5.6466241
6.9828629
8.3193922
8.0882206
8.2085524
8.6443148
8.1347933
0
7.8128729
7.9693193
7.8859143
0
7.0947881
8.365077
7.6523347
8.2486162
5.741221
8.9344406
8.4241028
8.3050995
7.6860604
8.2442169
8.6892776
8.1266165
8.3348713
8.1347933
7.0662775
7.1084261
8.648221
7.7615557
0
8.3689766
6.4245086
8.3105793
8.4386311
0
7.2562971
7.5199332
0
8.513854
7.4481397
8.1477709
7.1955209
8.1917706
8.4878788
8.9982462
8.4600344
8.3561115
8.9504175
8.558548
7.064949
7.9738827
8.0139685
7.9667025
8.8552513
7.467371
8.9047203
7.2525263
7.7767215
0
8.8941059
7.4851174
7.1639466
0
8.0004244
7.4025869
8.2529383
7.9452801
0
8.4167585
6.8450522
8.7863722
8.2758293
7.2870283
7.6496925
7.6628332
8.0391569
8.2587099
8.0586786
8.4832916
8.968976
0
7.8394818
8.7640533
8.0639725
7.1661801
8.9982462
8.2758293
8.6501884
5.1206517
8.2982349
8.3187418
8.3214483
8.8552513
4.3652196
7.0854363
7.9686275
7.683506
0
8.3214483
6.0333529
7.064569
8.8443041
7.7186856
8.330864
8.5498543
4.4308167
6.5389433
7.5169168
7.3060837
7.7693787
6.6710482
0
7.8675313
7.9476395
7.9609051
7.7809067
0
4.9336743
0
8.6452932
8.6751461
8.5982609
7.3984461
8.2055216
5.0106354
8.5082645
7.7786303
8.6789341
7.3315697
0
8.0908108
0
8.365077
8.3715506
0
7.418714
7.9132771
8.4947205
8.436224
0
7.6071053
8.5082645
6.9774885
8.0795488
6.8968067
8.0949211
7.9405441
7.9751825
7.9119349
5.951221
7.4318919
8.5817318
7.8230233
7.4285975
8.0270681
8.0864449
0
5.7048931
6.8859639
8.7412252
6.8452888
8.2123575
0
0
7.4768496
6.258944
6.765295
3.5328753
7.9353886
8.8456974
8.3415165
7.8696566
6.7413073
6.3299189
7.8481965
8.0822306
8.270155
8.0569201
7.8885846
6.5269828
8.6472464
8.6003084
8.4855881
6.8085485
8.115056
8.2009897
5.9638648
8.1348581
5.8432221
8.6245518
0
8.6559887
5.3783603
7.2521329
8.1917706
0
7.9800997
7.9512072
5.5021648
0
7.3641248
8.0283461
0
8.2870808
0
8.7052755
7.1622252
8.1778278
7.6994395
0
8.2033949
0
8.0795488
9.028019
8.241293
7.9839325
8.1668472
7.7668877
7.7186856
8.0812693
7.7012506
8.8082027
8.1668472
7.6602192
7.97438
6.7907219
8.1445179
0
7.0181031
8.7323046
8.1809435
7.3637729
7.8394818
8.1857529
7.3206005
8.4289694
7.5496678
7.4118919
7.7358217
6.1811662
7.7162132
7.8632669
8.2843075
8.0210733
7.0525289
8.0228968
6.5976005
6.4683886
8.5082865
8.7087317
7.8438487
5.7755861
6.5906062
0
8.8740902
8.3268394
0
7.8717775
8.8048754
8.532629
7.072422
8.6779881
8.7394476
7.0523367
0
8.1841106
8.2008677
8.1133938
8.182497
7.7739215
7.6121173
7.6577029
0
7.7022548
7.4578018
6.7120109
7.9353886
8.4192133
5.9641504
8.1472883
9.1160297
0
7.2641859
8.2884789
7.9951944
8.0480785
7.3282185
8.4867344
6.698679
8.2130804
7.0523367
6.9405451
7.8906655
0
8.2295113
6.4689059
3.1403134
8.4289694
8.2572708
6.0199442
8.2961035
8.4728928
8.3868818
7.5840955
7.6913018
8.532629
5.2724295
8.1731367
7.1038699
8.291296
8.1715679
8.4878788
7.1533995
2.4849067
8.182497
0
6.5138893
6.6706257
8.5670414
7.3881216
8.7701111
7.6496925
6.7712989
6.7651672
5.6296177
7.0475173
8.9661436
8.9344406
8.6559887
7.6807914
7.8989472
8.513854
7.5840955
8.8115196
8.714221
8.2500401
4.9736638
8.2644491
0
5.0519905
8.2814713
4.2096553
8.5723124
0
7.8654013
8.3133078
6.5442314
8.5529461
7.1995955
8.324687
7.8802161
6.123467
7.6228814
8.3931408
7.5612373
8.5775566
8.3715248
5.2131224
8.1477709
6.3788033
0
8.5391722
8.3520565
8.2687607
8.4216604
0
7.6758037
3.5296233
7.0571327
0
7.9433093
8.4192133
7.5048809
5.118659
4.7985415
7.2037363
8.2393885
8.5542746
4.0312862
5.0106354
7.7901444
8.1347933
6.3980403
6.7588687
8.7518263
8.7340956
8.5521317
8.2968235
7.7406645
7.2304025
8.3944731
7.6706357
7.9802136
8.8536654
8.4253216
3.8115885
6.1465673
8.1871443
8.8423319
6.9722939
8.436224
5.0106354
8.5932894
7.3533664
8.1355095
0
0
7.9070382
8.1216784
7.1220598
7.3602452
7.8856635
8.1288147
7.9294066
8.254384
8.241293
7.8717775
7.8172674
8.1396675
7.6746173
7.8775234
8.4289694
7.9560876
9.6165457
9.1706753
8.3585882
7.3920317
8.2309914
8.8073053
7.7236118
8.3842964
5.9920201
7.9942951
7.1088805
7.4608736
7.9233885
8.3261671
8.1668472
4.7165127
0
8.7914524
7.8968835
6.6915321
7.2638745
7.4833069
9.3972807
4.7184987
8.2055216
8.6976614
6.9167151
0
6.8913999
8.1041327
7.7455316
0
8.1621046
8.5048952
7.3708601
7.9725041
6.7194157
5.9056644
8.1842041
6.9618225
0
8.3663702
7.9333987
8.5379324
0
8.1902313
8.3626947
5.3284154
8.3375349
0
8.9625912
6.9930153
8.4289694
8.1887512
8.2630177
6.7327404
8.3375349
7.5109777
7.8328958
7.5755849
8.4855881
7.9092855
8.330864
7.7855363
7.5140729
8.0516243
7.0855293
7.4957271
7.8885846
7.8356671
7.5201745
7.7112503
8.0932245
4.1271343
8.5962095
8.2786818
8.3187418
6.5431123
0
5.2119117
7.0762782
6.7962027
7.5670009
8.4541349
8.3037252
9.0452032
6.7646546
6.0601611
8.4118328
8.7973471
8.0355663
8.5249405
7.8416677
4.9384627
7.9492092
8.538085
8.1668472
8.2765074
6.8858504
8.4105968
7.7012506
8.7981863
8.0949211
6.8911743
8.0709057
7.5554399
8.6315136
8.924139
0
8.0247164
0
9.3673534
7.4383836
0
0
8.5752945
8.4752598
8.6789341
7.7137351
5.6280208
6.3687587
8.9871969
8.2485876
8.3830271
8.6195488
7.7739215
8.1477709
7.1264443
0
7.6009026
8.3023481
7.5897293
0
8.2687321
5.40767
8.2926598
7.4186478
8.4809904
8.8941059
8.7965069
6.9025192
0
0
7.5437441
7.3781753
7.7329535
9.4615316
7.8503633
7.9455948
7.6783776
8.4647293
7.7574315
7.2109823
8.2025127
8.1449051
7.4768496
0
4.2129502
8.0709057
8.5532894
8.7570848
7.9535136
7.4085979
6.2593689
8.0533924
7.6629901
8.5457163
7.9314046
8.3969069
7.6865702
6.2593689
6.765039
7.3097329
8.1083889
6.7120109
8.3246059
7.8696566
8.2912683
7.5612373
7.6602192
7.6228814
0
8.0795488
7.8322787
6.1579204
6.0463209
7.6174316
8.7050552
0
5.0106354
5.6675797
8.4521923
5.4524679
7.3742805
8.7013645
6.0985737
7.4956656
7.5897293
8.6892776
8.2009592
0
8.2160883
7.9106312
7.2040668
7.815207
8.2856817
0
7.3746986
7.6628332
7.294528
7.5925341
8.6550598
7.4986234
7.5953312
7.5451546
8.7761497
8.9640131
6.9083109
4.7165127
6.5674534
7.5408573
8.1793871
8.2800636
0
7.5954432
0
8.4564991
0
7.2871804
7.0900769
0
7.9071608
8.5105038
7.9667025
0
8.4093609
7.6160645
7.8927426
8.097291
7.4318261
7.8005729
6.5517149
7.3983784
0
8.492445
7.9010072
0
0
8.1160517
8.2160883
8.8115196
6.4332972
8.4179869
5.5241241
0
8.0516596
8.1715679
8.4553175
8.329524
7.755053
4.8076572
8.1364202
7.3883281
7.3388162
8.7050552
8.1327066
7.7479324
8.4564991
9.3861589
0
7.4898467
6.2999701
6.4690781
5.6478
7.5670586
7.9764047
7.9971027
7.8330278
7.7574315
8.974618
7.2521329
7.4545913
0
7.7162132
8.6920795
6.0586038
6.6349254
7.6628332
8.0319996
8.1917706
0
8.2070379
7.1956038
8.7787027
5.0106354
6.9929132
8.3546743
7.1771035
7.5670009
7.8240461
7.4416461
8.7830048
8.3533659
7.3698106
8.4612103
5.588912
7.5402675
8.5733633
4.3638062
5.8749309
8.2280283
7.7715826
7.5259395
8.0881519
6.0468469
8.1541491
8.8709755
8.7057457
7.8760481
0
9.3720808
8.5935783
0
7.4285312
8.0829859
7.4579296
8.0674276
7.8717775
5.3016453
8.922658
8.3187418
5.7585511
8.2659073
8.6165352
6.7258339
7.8568358
8.0101013
7.0030656
8.1033602
7.6383586
8.0192471
8.4600344
8.7394476
6.8393574
8.2176189
7.6009026
8.7223988
8.2630177
8.558548
5.6850905
8.3579369
8.0100641
6.8511848
5.9062696
5.9652915
7.99332
5.3607054
7.665493
8.1461296
7.7809067
8.1298952
8.3133078
7.6987348
8.2658787
5.9289241
8.492445
8.0137844
8.1033602
7.7947316
7.8240905
7.8461118
6.69909
7.8083682
8.4289694
6.7052312
7.4017739
0
7.0808678
7.894815
0
8.1573381
6.7837024
8.6656132
7.8885846
8.1537971
5.9925752
7.6861625
8.2398281
0
8.2940493
8.5962095
8.2055216
5.4989882
6.9352622
8.4564991
0
8.1200266
5.8770351
8.6623516
8.404398
8.8740902
8.4338112
7.9217777
7.2364993
9.0569305
8.7358828
8.4705677
8.2630177
6.9351544
9.1049795
8.0812693
7.8139958
8.3133345
7.0030656
7.7855363
8.4313936
7.846025
8.2673063
7.8240905
0
0
8.1100597
6.9461207
8.2309914
7.7632103
8.23176
6.0980744
8.0570602
8.6114931
7.9800997
8.8230429
8.4740534
8.0026569
8.4517651
8.0100641
4.9736638
7.5698705
8.4647293
7.6628332
8.5649242
8.5691528
7.7992978
7.8927426
8.344162
8.259861
7.790926
8.4981241
8.329524
7.3708601
8.5712605
0
8.2842798
8.5260429
8.7998629
6.2274146
8.5510788
6.3213677
7.4862394
6.6846118
7.6860604
0
7.6336923
6.3978553
8.5691528
7.9895606
7.7261639
5.5021648
7.2757878
7.8481965
8.3241472
7.30586
7.9511681
8.311944
8.7061777
8.0691681
8.4649172
7.5439205
8.330864
8.5216274
7.9914794
7.4411249
6.6317091
8.1429033
7.6957073
8.5026436
7.9233885
8.8271255
8.0983047
6.5746107
8.9081383
8.220583
8.8694296
8.6125031
8.2982073
7.9667025
8.2995901
8.4541349
0
8.7640533
7.9373746
7.9532013
8.1855984
7.8885846
7.7360158
8.1948433
7.405158
7.5229411
8.4600344
8.0540991
7.9274044
6.6317091
8.0445194
8.2280884
8.260148
8.311944
8.4694023
7.4383836
8.0309153
7.3132205
5.8441882
6.8392386
8.0308075
5.0106354
8.3385983
0
8.0283461
7.6119523
7.7779789
8.1886892
7.9051137
7.7693787
6.6274533
7.8340459
7.377759
0
8.2145853
7.1563501
8.365077
9.0105333
7.6810479
7.6228814
7.5612373
8.0898228
7.7904663
7.5727315
7.7564807
7.9953442
8.5216274
7.1038699
8.0915251
8.3546743
7.5079341
7.0994768
7.9857869
7.5612373
7.1786304
8.3969069
8.8756447
8.1509485
8.4529505
7.405158
7.8038435
8.1096926
7.8321905
8.1135263
7.9294066
7.5259395
8.5478306
3.5328753
8.3663702
5.3824544
6.7966995
8.2658787
6.2378907
0
7.4893498
7.4017739
8.6656132
6.657155
6.3791804
0
8.1117945
7.7556243
8.3388634
6.0733004
6.6848893
7.6809454
7.0081034
8.7129431
0
5.121315
7.6036763
8.2514896
7.9373746
8.9107361
8.3268394
7.8038435
7.5778613
0
7.349731
6.3982253
8.0743027
6.8025184
8.9561787
8.0551577
8.3507452
7.459723
8.5205212
7.9010072
6.9776959
7.8350959
7.5047584
6.3311062
7.3985143
8.0007963
0
8.5478306
0
4.6655335
7.0084047
8.1117277
6.0188637
0
9.1353769
8.5304384
0
8.6125031
7.6962633
6.8682055
8.3868313
6.7060471
8.1493454
8.5806894
7.8546829
8.2175884
5.1487856
7.8468509
7.6862135
8.6297283
7.3425632
0
6.9758291
8.0537462
7.7528124
6.9405451
8.3401909
7.2782454
7.302197
5.6292186
6.2376733
6.2997661
7.9565544
8.1100597
7.2599759
7.9511681
8.3375349
8.3803549
1.8632184
8.7965069
8.0621872
8.4167585
8.1699972
0
8.5359058
7.4831195
7.7087598
0
7.5729604
7.9667025
7.6911492
7.9914417
8.8520765
8.1621361
7.7455316
8.0726404
8.1778278
7.9433093
3.5328753
7.5259991
7.5108562
8.4577026
0
6.8152742
8.6765118
