ln_avg_totq_pretl_treat
6.7623992
8.7618189
7.4632812
8.3696871
8.2632217
7.467371
7.4875736
6.7541046
6.8599148
7.7084746
6.6581945
8.48526
7.7530103
7.9141479
8.1523218
7.7406645
6.284667
7.8410435
8.1276999
7.5533614
8.3205175
8.1726885
7.5897694
7.2494183
5.1491542
7.6009026
7.9193563
8.0345383
6.3969297
8.620265
7.1481209
8.7444201
7.5755849
7.6598449
8.1357231
8.2723885
7.4467516
7.0309839
6.1870899
7.9919786
8.0596828
8.1252079
8.785037
0
7.2241287
7.2025547
5.433722
7.2237124
7.8096571
7.2288032
6.6935005
7.7400432
8.1273203
7.6045389
7.377759
8.5591574
8.5114622
8.2063885
7.7059059
7.7026854
7.1365967
8.250247
9.1695185
6.4995723
7.9871364
7.9847059
8.2141562
7.6530881
7.5421376
7.8154378
7.2594175
7.5755849
7.6462855
7.2594175
8.1361418
8.2044373
8.0439386
7.5724297
7.5462198
7.7630215
8.3696871
7.8354096
8.0820045
7.7422161
8.9311934
7.3320889
8.4663506
8.9082699
7.6887827
8.3823547
7.756073
8.0298977
7.6929607
7.7186856
5.6068521
8.0511589
7.9496965
7.5683055
8.1584749
7.8930387
8.0305023
7.6428666
4.5341344
7.5382667
8.1378136
8.2483797
8.1979713
7.5645347
7.8067546
7.3643661
8.1357231
7.8240461
7.917016
7.8297439
8.873868
8.2868814
7.2242332
7.709116
8.0298977
8.0414591
7.5757313
7.9424639
8.1038399
8.3812094
6.4551988
6.2438893
6.7704616
8.2778473
6.9565454
8.4911423
8.359704
5.1441665
8.5173931
5.8398108
8.1605186
8.7718353
7.1078935
7.7218552
5.3713021
7.8009238
8.2256947
8.367897
7.4714446
7.192934
7.3134108
7.7026854
8.3242674
7.4755011
7.832581
8.064187
8.648221
8.2686586
6.7117405
7.5478029
8.2237806
7.9871364
7.5420618
8.1959248
8.4643946
7.159514
7.8125515
7.9943914
8.0205526
6.3241029
8.064187
7.6373034
7.495542
7.6532235
8.0158463
8.0775805
6.7369671
8.158843
8.1787186
7.6698952
6.84131
8.1501789
8.5257282
7.9089122
7.8067546
7.5755849
8.0864105
7.9219503
8.0063677
8.7494383
6.9195428
8.0322208
7.7861958
5.4954104
7.2763586
7.4915657
7.2237124
8.2130718
0
8.3232269
7.4835658
7.8567619
8.2632589
7.3733745
7.887691
8.5564137
8.330864
5.5243139
8.2314138
7.5458426
7.7218552
7.8522167
8.739193
8.2989664
7.9525647
7.9373746
7.7621708
7.4214339
7.4810729
8.3222208
7.4432459
8.1747026
7.6325393
7.404192
7.3132205
8.1357231
8.0186729
8.2708902
7.0903149
7.2493167
8.1985607
8.0339823
7.9829526
7.8522167
7.7832241
8.0886059
8.0775805
7.3707705
8.4867344
7.5229411
7.635994
7.6720262
7.4755011
7.4128504
8.2141562
8.3411379
7.8211846
8.2333136
8.8119497
8.0820045
7.4214339
8.3585653
3.3770998
8.0506124
7.26443
8.0947275
7.5269485
7.4509096
5.1889806
8.0205526
8.45714
7.5755849
7.8038435
7.2941833
8.1047039
7.1427145
6.7286286
7.8355794
7.6115599
7.5865135
7.887691
7.1705589
8.3109064
7.5267944
7.8688555
8.4845524
8.5389547
0
7.5608244
7.3179708
8.3828449
7.4875736
7.84726
7.3323693
7.615087
0
6.3491392
6.1563735
7.9710855
8.2024822
7.9424639
8.1357231
7.972466
8.3029385
8.2465086
3.3819661
8.1584749
8.0414591
8.1558952
6.8030295
7.7682314
8.2160883
7.7742553
7.1690202
7.8633218
7.9089122
7.9193563
7.5901303
8.392601
7.887691
8.2371016
6.7707896
8.0619373
8.3117495
8.3496199
7.5052567
8.3857822
8.2352095
7.4995022
8.3663702
8.494071
7.9424639
0
7.8687463
5.1491542
7.9449987
8.2141562
7.5034471
7.6335769
7.5755849
9.2564058
7.8297439
7.9582272
8.0973396
8.2180166
8.4022636
7.4383836
8.7613707
5.9192777
7.312458
7.5306334
5.2641697
8.1716805
8.0158939
7.7344337
7.9036489
8.6824169
7.9399223
8.1566334
7.887691
8.2405357
7.7218552
7.525486
8.3029385
7.7375541
7.7802434
6.6295519
7.5755849
8.6381454
8.0731354
7.3363786
8.6532211
7.8301983
5.7741079
7.0097961
7.6785245
8.2616367
7.8211846
7.6129723
8.2002878
8.2102795
4.2786484
7.7241311
7.769258
8.1440573
7.5755849
8.7054968
0
7.2307701
8.2102795
7.7218552
8.5713301
6.8639526
8.1081505
7.8660102
7.8438487
7.2594175
6.0105667
7.4343419
8.1946239
8.1016779
7.191752
8.2400084
7.9089122
8.6705275
8.2723885
8.3942184
7.7375541
7.972466
8.0995111
7.1255131
8.5954762
8.0275698
7.8240461
6.6484294
8.7773571
7.404192
8.6663523
7.8796158
8.1584749
8.6052036
7.9089122
7.6080198
7.9424639
8.0352325
7.9348207
7.0554361
7.4390554
7.9062839
6.5720825
7.9115334
7.5755849
7.9581771
8.507143
8.2558289
6.9154401
7.8382306
8.1531849
7.3013406
7.6831403
8.2290535
7.3506079
7.9449987
8.3490114
7.9525647
7.9871364
7.7406645
6.9906511
8.8267765
8.0775805
7.9798279
7.6929607
6.1420374
8.5009184
8.2218628
7.0035849
7.6951733
7.950603
9.0873652
7.9896088
8.3204832
7.4875736
6.7706256
8.4823055
8.4613781
7.749938
8.0380049
7.5901303
8.2668991
8.3377247
8.2367611
7.4215193
7.9895606
5.7969255
7.615087
9.6135836
8.7795572
7.6864247
8.4911423
7.0962481
6.8790617
7.7979956
8.0777578
7.7861958
7.6665564
7.6009026
7.6133251
6.943398
8.6305218
7.5865135
8.0929823
7.4469185
8.1788387
7.8610115
7.5730906
8.2446346
7.6255951
7.1972213
8.1227531
7.8591375
7.6325393
8.2865934
0
8.1605186
7.495542
7.8930387
6.1265574
7.7857208
7.5755849
8.0483322
6.4668112
7.3413911
8.0015945
8.9433947
7.9475269
7.7218552
7.8522167
7.9089122
7.8009238
7.20786
7.635994
8.549799
6.7289705
8.4134188
5.6068521
7.5079255
8.1112423
8.4275808
7.7250147
8.1105556
8.6544676
7.2393174
7.5570998
7.3316216
8.1847134
7.4915657
8.5933075
7.6632066
7.6740866
8.0414591
8.7539577
8.2760315
7.972466
8.6875381
7.6896982
7.4259539
6.7203927
7.1758175
7.7155061
7.9115334
8.6292458
8.6532211
7.6545787
7.9219503
8.1787186
7.7832241
7.9424639
7.7832241
8.2352095
6.9700594
7.8038435
7.5496092
8.5536633
9.0628338
7.9449987
0
7.9193563
8.5207586
6.3112164
8.0392036
8.481122
7.8957019
7.7682314
7.4085307
7.996798
7.3642755
7.9650989
7.4714446
7.9699998
8.9618788
6.9899931
8.4733906
7.4301987
8.0973396
7.4755011
7.5608244
8.3812094
7.8451362
7.467371
7.6598449
8.176713
8.064187
8.2839994
7.6530881
7.9650493
8.4244509
6.6942086
7.4037571
8.2218628
8.2850809
5.4355917
5.6322355
8.7242069
8.6457119
8.0437555
7.832581
8.3274155
7.9141479
4.9168477
5.6327467
7.3132205
8.1481981
6.849369
7.7652054
8.0252361
7.9168077
6.8054061
7.495542
8.070013
8.257719
7.8268991
8.1341324
6.963325
8.1440573
7.4045401
8.3054485
8.0797949
7.8211846
7.8714747
7.6698952
8.34515
8.1711149
7.709116
8.0506124
7.4808311
8.2237806
8.1102982
6.0789518
7.8067546
7.4592566
7.9036489
8.5114622
7.8466458
8.5271435
8.1412315
7.0842266
7.8183155
8.0886497
7.5755849
8.1946239
8.3047066
7.9798279
8.0930262
8.2922621
7.7313042
7.7468562
0
7.1811571
6.8031883
8.4733906
7.4128504
7.8660102
7.9348207
7.2134528
8.1356821
8.622839
7.8298006
7.2315969
7.9167552
8.6406746
8.2742109
8.6616888
6.6943851
8.1502619
7.8790751
8.0228968
7.6080198
7.4119878
7.626431
7.5229411
8.1523218
8.613801
8.1481981
7.8660102
7.7313042
7.4835658
6.3981194
8.2632217
8.1357231
7.7777925
7.8295169
8.0368967
5.9173565
8.1461296
7.5608244
7.6233625
8.0775805
7.9399223
6.9402223
7.4115562
7.5496092
8.2868814
7.7437654
7.7474737
7.5422134
8.1827192
5.839395
8.2889652
7.4171515
7.495542
7.3463788
8.0596828
7.6893058
8.1209707
7.8477068
7.6929607
7.8067546
7.756073
7.3998346
8.4430847
7.788034
7.3084474
8.2814713
7.9798279
8.6581964
8.347929
7.9638577
7.709116
7.8097153
7.6044674
7.5344572
7.1310129
8.0346308
6.2978983
7.9725151
8.4181614
7.054203
8.4613781
7.5190725
7.6698952
7.7375541
7.8438487
8.4512062
7.9296923
7.9348207
6.3355608
6.3969297
7.5031319
8.2854414
0
4.5402508
7.5190725
7.5571747
8.0596828
7.4995022
6.6208348
8.4338112
7.7802434
7.8038435
6.9499936
8.3462353
8.1295958
8.4522734
7.467371
8.2333136
7.0095382
8.2632217
7.8240461
8.0205526
8.2180166
2.0794415
8.1823997
8.250247
7.495542
7.6765399
6.8639526
7.9062839
7.9219503
8.3222208
8.2256947
7.8466458
7.4467516
8.5033836
7.1422625
7.7994604
8.0925455
7.5682316
7.6598449
8.0686712
7.8850069
8.44769
8.2539711
7.8328643
7.4316382
6.4547491
6.7373056
8.2005234
7.5420618
7.5608244
8.3394327
6.7536044
6.8644004
8.1006384
8.429142
8.4134188
7.4767151
8.1584749
8.1016779
8.2237806
8.3187418
8.0753603
7.7591872
8.013485
7.9115334
7.4000096
8.4492207
7.9773798
7.854991
6.4211574
7.4425764
8.2814713
8.0973396
7.850215
7.8183155
8.3187418
7.9311819
7.8183155
7.5901303
7.2394199
8.1827192
7.6010451
7.2601209
5.8377304
7.327405
7.5973248
8.1102982
8.1188459
8.3394327
7.7832241
8.5257282
6.8489146
8.2922621
6.4439039
8.3496199
4.8620248
7.495542
7.011858
8.1533499
7.6462855
7.1194043
7.6530881
8.6766357
6.702662
7.5112901
5.1491542
7.9600744
8.3828449
8.2650623
8.2190952
7.9126844
7.6290731
8.399085
8.0886059
8.3546066
8.7883101
7.7621708
7.5792408
6.0112672
8.173213
8.1461296
7.5865135
8.1686487
8.8848085
6.7541046
7.7802434
8.3222208
8.094553
7.832581
7.3229823
7.6994543
8.0731354
7.9672308
7.8714747
8.3762875
7.9120569
8.7707272
8.5285568
8.6544676
8.5171928
6.7709532
7.5901303
7.2493167
4.6122875
7.9919786
7.5623102
8.1322451
7.5664587
7.6694951
5.9192777
7.6802416
8.0596828
0
6.7031879
5.7947545
7.8211846
8.3942184
7.5973248
8.3360138
6.2013779
8.5243111
8.1593752
7.7803626
8.359704
7.7682314
7.8577571
5.8801341
8.2705612
7.8578124
8.1210985
7.8796701
7.6616616
7.7272835
7.9348207
5.753026
5.6796851
8.2629271
8.0842104
7.6831403
7.5073762
7.8494353
8.6729755
7.6394362
8.7528296
8.922658
7.7664776
8.2490892
5.857933
7.7772541
8.5492182
7.9010072
7.0095382
8.245347
8.360239
7.9167552
6.5339966
7.6009026
7.8522167
7.4171515
7.2943773
6.7205648
6.2976356
7.8240461
8.6944065
8.1807213
7.6115599
7.6041827
7.3732848
7.902276
7.0416617
7.7682314
8.1747026
7.5755849
6.4089994
7.4869337
7.9575772
7.4299445
7.7155061
7.7652054
7.5973248
7.7891588
7.5267944
8.0863228
8.0063677
7.2939892
7.0357714
8.0483322
7.7375541
8.9782286
7.9798279
8.0731354
6.1575842
5.4343457
6.7620687
6.9081836
7.9424639
0
6.2647581
7.7375541
7.6900902
6.2841344
7.7790484
7.6255951
8.3529921
7.5608244
8.4369125
6.675643
7.4272289
7.028708
7.2554903
7.7652054
7.854991
6.2441669
7.0662231
7.6733561
6.3355608
6.6758232
8.2632217
7.7468562
7.3226991
8.3399448
7.7991676
7.6530881
6.8495207
8.5143318
7.6962128
7.4256983
7.5073762
8.0623426
8.4275808
7.8422227
8.495532
7.6255951
8.0437555
7.0782213
7.4425764
8.2199421
7.6816263
8.0820045
7.5267944
7.7782116
6.3978815
7.6962128
8.628479
8.1230917
8.0929823
7.7407265
8.4288301
7.6864901
7.4995022
8.7253685
7.1590695
8.1315308
5.8998976
7.2096572
7.5306334
8.5257282
6.7117405
6.5910854
8.1965942
8.5186205
8.1564283
7.4260387
7.7456827
7.9738445
7.9847059
8.4080162
7.8741961
7.854991
7.8823147
7.0412865
8.0322208
7.353631
7.9920754
7.2597194
6.770298
8.5411892
8.4704008
8.2047501
7.9296923
7.8823147
8.5439739
8.5673428
8.4022636
8.7293739
8.0886497
6.7023115
7.7026854
8.4643946
7.7112293
7.5151887
8.0852232
7.7832241
7.8632669
8.6532211
8.2352848
7.2442274
8.1059971
8.1645918
8.0731354
7.5937338
8.0345383
6.9077554
7.6496925
5.0625949
8.4628878
8.0015945
8.0864105
6.7541046
8.0477839
8.7957983
4.4609699
7.9475269
7.7832241
7.8577571
7.974926
7.6325393
7.5422893
6.7787848
5.9192777
7.3462868
7.6681604
7.887691
7.9475269
7.1021466
6.4778509
7.1545038
8.2162809
6.9473882
8.7195511
6.5408239
6.9223623
7.9675279
7.3036509
7.8632669
8.6729755
6.2146082
8.0411367
7.6786571
7.7375541
7.7761755
7.4915657
7.9271183
6.9570894
8.0322208
7.7652659
7.6360626
8.2521114
7.395546
8.2868814
7.635994
6.9899931
7.9520621
8.0111179
8.1675949
7.5806999
7.974926
8.0483322
7.5229411
7.7948232
7.5755849
7.9949212
8.3411379
7.9010072
8.6020594
8.622839
8.4837837
8.1678381
7.9424639
7.5117588
7.2843308
7.6598449
7.3506999
8.2613792
7.8983579
4.9618454
0
8.4598665
6.7706256
8.1666222
7.6564722
7.0903149
4.9168477
8.2687321
7.6428666
6.7455726
8.2576075
5.3713021
8.0574226
7.671494
7.6325393
7.5792408
7.6665564
7.7059059
4.5402508
7.9650493
7.4755011
7.2341771
8.3929892
8.4102755
7.4383836
7.7313042
8.1357231
8.0929823
8.0158463
7.9600744
8.7230453
7.571547
7.6658874
7.9013772
7.0030656
8.613801
8.0368509
8.1807213
8.6851263
6.6489844
7.5570998
7.7872634
8.0886059
8.0715752
8.2576818
6.9292374
7.2025547
7.5570998
7.4214339
7.8297439
8.3580303
8.3877354
8.3844776
5.9914646
8.0506124
7.8466458
7.8241034
8.1584749
7.6798458
6.5618386
7.7438269
7.3687901
7.9699998
7.4591742
7.495542
7.8850069
8.1167154
5.0616903
6.1603026
6.0109172
7.709116
8.510025
8.0229902
8.3152523
7.7621708
8.3428402
9.3710003
7.2597194
7.7682314
7.8213568
7.3645473
7.8823147
7.9414482
8.0460463
7.9450998
7.0415368
8.5253029
8.5013542
8.180481
7.9219503
7.5267944
7.7459917
8.1847134
8.2940493
7.5683055
7.9525647
6.7782974
7.3461022
6.2016678
7.6155095
6.936204
7.3461022
7.8326941
6.0948586
7.9141479
7.6171975
6.9565454
8.0047951
7.5544095
8.2160883
7.7281642
8.2868814
8.1357231
7.4129367
7.9125276
7.0290875
5.6574893
7.8605156
8.546752
8.1145811
6.6110806
7.4641824
7.8428397
8.3909817
8.0298977
7.7344337
8.239933
8.4165831
7.7530103
8.0391569
8.0731354
6.298161
6.7945867
5.3018823
8.0574226
8.3377247
8.4926081
8.3047066
7.749938
6.2836008
7.7406645
8.2083359
6.658011
8.4260178
7.7499995
7.4632812
6.2849336
8.3529921
7.887691
7.495542
7.3231707
7.5034471
8.4492207
7.9089122
8.0368509
7.6428666
8.3762875
8.1985607
7.9062839
8.176713
6.3228216
7.8297439
7.8096571
7.9773798
7.7921128
7.5496092
7.4214339
8.2333136
7.5073762
5.5524058
8.7420492
8.1012449
8.3187418
7.3688803
6.4995723
7.2394199
7.5496092
7.9434786
7.5034471
7.7155061
7.8268991
8.1557722
8.2333136
8.539793
8.8119926
8.1787186
8.0298977
8.6995144
8.2082968
7.8773971
8.1285009
5.1474943
8.4461575
7.9746313
7.4835658
8.0709057
7.6362009
7.7003598
8.5618935
8.2145815
7.9089122
7.8507714
5.7754383
7.7531943
7.4672894
8.2314138
7.0412865
7.5608244
7.4755011
7.9699998
8.2276049
8.5190773
6.2712584
7.49792
8.259532
8.2588291
8.3729925
8.2958336
7.3538136
8.5618935
7.4552984
8.0342607
8.3663702
7.5973248
7.7718501
8.6148386
7.9475269
8.4718971
7.43223
7.4875736
6.3859167
8.2849369
7.6896982
7.4620509
7.4214339
7.712316
7.4835658
7.2694178
8.4784527
7.6632066
7.8240461
8.7409534
7.7186856
7.7714887
7.799695
6.5516925
7.4519053
7.5267944
8.2518873
7.6765399
8.2371016
7.2645302
7.1866846
8.2370253
7.9453025
8.4492207
6.1265574
5.7503023
0
8.1645918
7.9650493
8.2427559
7.1365967
8.1252079
6.3481393
8.2314138
8.3785877
7.942616
7.6665564
8.0887375
7.3954587
4.4609699
8.6112041
7.9847059
5.6574893
8.2613792
7.6765399
8.1625566
8.6116982
5.9379129
7.7186856
8.2483797
8.112442
8.0368509
7.7652054
7.756073
8.2581263
7.5911407
7.9525647
8.2005234
7.7344337
7.3507915
7.6598449
7.5420618
7.0842266
7.5570998
7.378027
7.3413911
8.5861864
8.0907965
7.6566076
8.3395348
0
6.9364815
7.5865135
5.6811471
7.5306334
4.8063602
7.8240461
8.7448978
8.6305218
7.7250147
7.7161427
7.6115599
8.0205526
8.3101692
8.4244509
7.5382667
7.9164429
5.9367819
8.7089939
8.429142
8.5509043
7.0960116
7.5608244
7.7909322
7.6115599
8.1503029
6.8181429
8.4067087
8.190711
8.4471388
7.7682915
7.9847059
8.0929823
7.5830293
8.3117495
8.4984474
7.4795418
5.4959965
8.0528879
7.5458426
6.8338013
8.3563538
8.1419802
8.6428185
7.4522367
8.5257282
8.0240202
6.4889879
7.8845763
0
8.7230453
7.6394362
8.8087959
7.9062839
8.1081505
7.7250147
7.7437654
8.1523218
7.9362516
8.4733906
8.0753603
8.2668991
8.4461575
7.8559322
8.3529921
5.7964916
7.5458426
8.3647079
6.6940317
8.3441658
7.9271183
8.9178848
7.2939892
8.3563538
7.0095382
7.3762398
7.7186856
2.7175291
8.4134188
7.5901303
8.3239555
7.9296923
7.9484863
8.1145811
6.3969297
6.1405001
8.3291407
8.4969902
7.6428666
7.0355201
6.6482439
7.1138401
8.8098631
8.507143
4.9678273
8.0842104
8.2922621
8.0063677
7.4128504
8.3256865
8.0165539
7.6186018
5.9565773
8.1442642
7.8480415
7.4755011
7.9360981
7.661191
7.8096571
8.0686712
6.6849689
7.7717295
6.770134
7.7437654
8.2256947
8.2796612
8.2427559
7.820497
8.4477205
0
7.9699998
7.7499995
7.9185247
8.4896755
7.6115599
8.064187
7.7514753
7.749938
8.2635164
7.9010072
8.0437555
7.737741
8.2427559
7.4995022
6.0786247
8.1605186
7.7652659
4.4593182
7.6712279
8.9150105
7.7961168
7.4632812
7.7832837
8.3048487
5.3018823
8.2687321
8.2122192
8.2389898
7.6027579
8.1398993
8.507143
7.406364
7.7186856
6.3238468
7.5933743
7.035017
8.1038399
7.7155061
8.5102835
7.9271183
8.3256865
7.446835
6.7782974
7.7218552
9.0206318
8.7460346
8.5495224
8.0780239
8.3580303
8.0039835
8.2447472
8.2976151
8.290472
6.1560707
3.103946
7.9271183
5.9756255
7.7950587
7.5382667
7.673223
8.6935444
5.6579881
8.6033707
7.7026854
8.5522842
8.0886059
7.4467516
8.5901785
7.9871364
7.3552761
7.4795418
7.9034381
7.7832241
7.9943914
8.4823055
6.4434495
5.2288141
6.466589
6.9772816
8.5941544
8.1985607
8.0182018
7.1312418
7.2393174
8.0995111
7.1021466
6.7944264
5.5243139
8.066432
8.6668444
7.887691
7.0224862
7.1189418
6.6389418
7.8553786
8.1357231
7.2743807
6.9219398
7.6325393
8.1523218
7.2743807
7.8796158
8.3817005
8.4492207
8.1847134
8.1965942
8.0087461
7.5458426
7.2747765
7.4915657
8.5835161
8.2161264
8.2993927
7.3370299
7.4916453
8.3274155
8.5714111
7.1136074
8.4613781
6.6935005
8.2056084
7.9424639
8.0973396
5.9196615
6.2978983
7.9564767
7.9500995
6.7704616
7.5344572
7.7281642
7.782331
8.1319084
8.2483797
7.8796158
7.5645347
7.6642127
8.6802835
7.2631292
7.6311545
7.2991214
8.4901447
9.3878889
8.4307013
8.0483322
8.6176844
7.7344337
8.2724247
7.7950587
8.5901785
6.9970737
7.7170968
8.2371016
7.1590695
8.0528879
7.7891588
7.7250147
4.6821313
7.6256647
8.4911423
7.6698952
7.8154378
7.5645347
7.5066705
9.1959515
7.8438487
7.7697406
8.2483797
7.26443
5.4349689
7.0549431
7.9943914
6.5916739
5.8801341
7.495542
8.4704008
8.3076706
8.0709057
7.2892203
7.8796158
8.2997475
7.4915657
5.7754383
8.1985607
7.7772541
8.5137873
7.3835459
8.2868814
8.0828876
6.9499936
7.0598631
6.5178823
9.0709963
7.5967507
8.2539711
8.1699429
8.2446346
7.3954587
7.8061728
7.673223
7.7772541
7.5828838
8.2976151
8.1578207
8.0686712
7.5151887
7.6530881
8.5186205
7.7281642
7.2942801
7.4817972
7.4414043
7.674684
8.0929823
8.112442
7.8009238
8.1357231
8.5522842
8.1807213
7.8067546
7.7979956
6.5412359
7.3954587
6.8416157
8.2922983
8.7382088
8.2295113
8.8557043
7.495542
7.0415368
7.8183155
8.5495224
8.290472
8.0483322
7.5458426
7.3132205
7.9475269
8.6292458
8.4165831
7.6851125
7.8382306
8.510025
7.5937338
8.4260178
7.1195202
7.8154378
8.176713
7.2595181
7.5645347
8.3360138
5.1491542
7.5973248
4.5402508
9.4091911
8.0709953
5.6327467
0
7.6128311
8.599431
8.3496199
8.2180166
7.7218552
5.3334088
8.736558
7.7803626
8.1886892
8.2886782
7.9475269
8.3828125
7.9919786
6.298161
7.4995022
8.2449722
7.9010072
6.8936563
7.5306334
8.1645918
7.26443
7.996798
8.0345383
8.5591574
8.2650623
7.6116304
5.2288141
5.8398108
7.7155061
7.8632669
7.495542
8.0842104
7.7155061
7.589047
7.4299445
7.8714747
8.1787186
7.8718014
8.0015945
8.4005632
8.1188459
7.5337701
7.3132205
7.8660102
7.887691
8.4061661
7.9245377
7.5229411
7.3133154
8.6532211
8.0551577
8.6317968
8.1419802
7.9910121
7.6670246
4.1721869
7.615087
7.7437654
8.1645918
7.3506079
8.0690737
7.8125515
8.4611368
7.7891588
7.6994543
7.4835658
5.0163336
8.1867027
8.1605186
7.4171515
7.4383836
7.7437654
8.6754169
0
7.9650493
7.5608244
8.5759745
7.5755849
8.1523218
8.2787542
7.8211846
7.4172373
7.4632812
8.2005234
7.6962128
0
8.7207165
7.9162345
7.5719151
7.6325393
8.5128984
0
7.5762439
7.709116
7.3084474
7.8211846
8.9377813
7.5034471
8.4748821
7.8240461
8.4793434
8.7018929
7.8983579
6.8790617
7.8410435
5.6796851
8.1337128
8.0686712
6.43294
8.2276049
7.5940218
8.7915726
7.0162253
5.6042252
7.0900769
7.1536102
7.7468562
8.3828449
7.4273992
7.7250147
8.2922621
7.6785245
8.2160883
7.7832241
8.2650623
7.8733802
7.0097961
6.4659224
0
8.4038649
8.1132984
4.5402508
7.5828838
8.5455027
8.5257282
8.4644251
6.6665931
7.996798
5.5529594
7.3779373
8.2922621
8.2295113
8.2141562
8.5257282
8.2375546
4.5341344
8.0890884
7.3910627
7.3910627
8.5848522
7.8769097
8.0973396
8.3445387
9.0153847
6.4670329
7.6162834
7.9115334
6.6892438
6.0279341
5.0625949
7.9089122
8.6023216
8.1389818
8.148859
8.5875187
7.0659795
7.2694178
6.8570633
7.7186856
8.0864105
5.521461
7.0415368
8.1357231
8.1481981
7.7195106
6.126245
8.1502619
7.9424639
8.6741972
6.6576443
5.9932485
8.2044764
7.5366688
7.4171515
7.8416052
7.6831403
6.936759
8.1016779
7.6672249
8.1016779
7.5829568
7.8511052
8.2694645
0
8.0684481
8.3630428
7.5915732
6.976748
8.7042656
7.5755849
8.1440573
8.3394327
8.8910007
8.0842543
7.7026854
8.9907618
8.3496199
6.126245
7.5755849
7.6929607
8.250247
7.6428666
6.935926
6.9987707
8.3861074
7.887691
5.0153856
7.2695174
8.2796612
7.5793138
8.2102795
8.1357231
6.4987125
8.0683584
7.4459181
8.1273203
8.4338112
8.4054632
6.6578274
7.6564722
7.5755849
9.1222897
8.3713417
7.5902748
6.2836008
7.2445335
7.5755849
8.1509218
7.5763168
5.8805332
8.2796612
7.832581
8.2976151
8.1081505
7.5792408
7.9115334
7.8183155
8.1336298
7.972466
7.9475269
8.4643946
8.1584749
7.9773798
8.2613792
7.972466
8.3343
7.4509096
8.1847134
8.48526
7.7155061
6.3481393
6.7950664
8.0551577
7.8850069
0
8.6544676
7.4509096
8.129343
8.2976151
7.7147412
7.4361963
8.5042524
7.7772541
6.6851473
7.9167552
8.4553175
7.589119
6.4883361
7.6530881
8.154377
6.8496718
7.6428666
6.6389418
8.2876005
8.0864105
7.887691
8.3563538
7.9555254
7.7833428
8.7007046
7.8919716
8.8288708
7.7832241
6.1101995
8.3580303
8.1252079
8.3729925
8.3117495
7.2184911
8.3893595
8.3729925
7.7861958
8.4022636
8.8077288
6.922081
7.313601
8.3445387
6.8642511
8.2024822
7.9307199
8.606616
7.3687901
7.8154378
7.9167552
7.9089122
8.2371016
8.2024822
7.8154378
8.5808382
8.0298977
6.0269008
8.5821781
7.5667548
7.8957019
8.1167154
8.2632217
7.7832241
7.9871364
8.3546743
8.178318
7.8454719
8.6312866
8.2948351
7.5420618
8.5114622
6.4443583
8.2730446
8.4150019
8.4674025
8.3239555
8.3872147
7.0782213
6.5614347
7.749938
8.0345383
5.3713021
7.8769097
6.6108885
8.3011675
7.887691
8.4924316
7.3320889
8.2218628
7.832581
8.4568367
7.5608244
8.259532
8.3445387
8.6073732
7.7468562
7.9421082
8.1807213
7.972466
8.5550394
7.9424639
7.842279
7.3822131
8.1230917
8.3291407
8.4859972
8.064187
8.4867344
7.8268991
7.028708
8.613308
7.5865135
8.6494741
8.0063677
8.2940493
8.176713
7.8096571
8.3990526
7.6899595
8.3762875
8.5577869
7.9798279
8.1666222
7.3687901
8.2940493
7.0030656
7.4256983
7.7313042
8.1686487
7.9296923
8.3135023
7.0476413
8.3260326
8.3696871
8.1461296
8.2958336
8.120801
7.1811571
7.7814369
7.5382667
7.2134528
7.5755849
7.8240461
5.4007449
8.1660538
7.26473
8.3204832
7.6325393
8.2259998
6.3728323
8.4522734
6.7707896
7.2594175
7.5267944
7.073391
6.1572814
7.7802434
8.2281008
8.4006596
8.7346058
8.5727634
8.0797949
7.7950587
8.2668991
7.7479668
7.6896982
8.0912342
0
8.664381
7.8125515
8.3256865
8.0506124
8.2295113
7.7921128
6.1717005
8.0252361
7.20786
8.0709057
8.0205526
8.3663702
8.2898979
7.7742553
7.7921128
8.0079851
7.5191498
8.1398993
8.2122192
7.832581
8.1502619
8.3513069
8.1188459
7.5306334
6.8790617
7.2769513
7.6530881
8.1420221
7.9245377
7.5344572
8.1605186
7.7591267
8.2742109
5.2288141
5.1881838
7.9167552
8.4134188
4.8063602
7.495542
7.6290731
7.9600744
8.1843147
0
8.3099937
7.2544808
7.5421376
7.4128504
8.7883101
8.2465086
8.1726885
7.6982884
6.8719802
7.495542
8.3029385
8.2976151
7.2594175
8.6778536
8.4086533
8.5853853
6.6486144
8.4522734
7.207119
7.9010072
7.7218552
7.5306334
4.6821313
7.6831403
7.5973248
5.9379129
7.9449987
0
6.6665931
7.5608244
8.3070011
7.9409399
7.072422
8.5941544
8.6947412
0
8.2630377
8.0820045
7.8611765
8.5341911
7.586586
7.9822702
8.1847134
7.749938
8.3729925
5.6271071
8.4909964
7.9575772
8.190671
7.7281642
6.6765437
7.5763903
8.1075048
7.9895606
7.5755849
8.2340717
7.9649005
7.7530103
6.2978983
8.1145811
7.4995022
8.1847134
7.5973248
8.1726885
7.8438487
8.0447178
7.9271183
6.5818272
8.7937422
7.6864247
8.2352095
7.8796158
5.8538432
8.5271435
8.2371016
7.9036489
6.849369
8.359704
8.0392036
7.673223
6.6393156
8.5481377
7.8009238
7.6462855
7.5570998
8.0707722
8.0731354
8.2005234
7.8125515
7.9943914
8.2539711
7.586586
6.4213901
8.5128984
