ln_avg_totq_treat
7.3760386
8.8660879
7.5490499
8.2917032
8.3095541
7.1915236
6.866673
6.6810117
6.7722936
7.9432726
5.8331647
8.6953392
6.9268837
7.7910061
8.04739
7.7047839
5.4603829
7.0511518
8.0417147
7.5760975
8.3900986
7.9113698
8.2496243
6.4236526
5.9850378
7.8089323
7.7460847
7.8981094
6.116168
7.948606
8.1497822
8.7874966
7.0147018
8.0531712
8.3057003
8.0551577
6.9775147
6.2116036
5.3630514
8.3286171
7.8526726
7.7393322
8.1905279
0
6.398387
6.3768334
7.6211033
7.994864
7.4310036
6.5737677
7.1333957
7.342658
7.9440932
8.0391779
7.5928702
8.2033386
8.3149242
8.0053463
8.1649723
8.0156984
7.1408491
8.1167345
9.1996584
5.6748257
8.1852455
7.994843
7.9103384
7.200891
7.8752379
7.8796701
7.4403667
7.7922974
7.017282
7.0199671
7.7827029
8.004324
7.6704288
7.2058673
7.5430083
8.8029833
8.2590704
8.3141584
8.2759171
7.0161052
8.9718456
6.5692186
7.7151513
8.9758043
7.6282439
8.0947409
7.3837566
7.6180053
7.6976323
7.3836398
7.588007
8.0701637
7.9597998
7.9273019
8.1250763
7.8487387
7.9526153
7.8265429
7.1939673
7.5041852
8.3907795
8.2501307
8.0420561
7.4709363
7.6819062
7.6317043
8.0300436
6.9978814
7.381969
8.4269953
8.9761992
8.2321739
7.1126838
7.5263472
7.7142591
8.0551577
6.7497115
7.8511748
8.5363827
8.0892906
6.4633222
5.6416855
5.9452572
8.4062614
6.6245632
8.5924168
8.1343021
4.403666
8.5280962
5.0168657
8.5234241
8.7031536
6.9716687
7.8315182
4.5505819
7.248682
8.266325
8.495842
7.6659293
6.7843156
6.4875889
7.9384899
7.9586205
7.2217445
7.556232
8.0481892
8.4978323
8.0770588
7.8279634
7.6537023
8.0320759
7.8524146
7.6933107
7.829854
8.6515055
6.3338346
7.918674
8.0728569
8.205287
5.4997263
8.0893288
7.3668404
7.3235831
7.4851408
8.0813589
8.267128
6.2102237
7.3725109
8.6096582
7.472856
6.1958075
7.9873972
8.5271435
8.1470346
7.7935867
7.2554145
8.1790943
7.495542
8.2118559
8.4757204
6.3533912
8.2194605
8.3620005
4.6739964
7.4817319
7.8752141
7.2750859
8.0578918
0
8.1716881
7.6240392
7.030581
8.5889435
7.4236059
7.6637306
8.7757034
8.4118328
4.7027507
8.0669918
7.6118426
7.2260728
7.9916768
8.8392763
8.1919479
8.4261742
7.4347372
7.9539771
7.3679452
6.9029942
8.3779316
7.4342575
8.0709057
7.3297496
7.5659227
6.4873986
8.5754623
8.14359
8.2017803
6.2647071
6.7562056
8.3524656
7.6418643
7.829556
8.136116
8.0021925
8.0538673
8.3270912
6.7322106
8.6333084
8.0561495
7.4655838
7.5523028
7.1433706
7.5279956
8.0978823
8.2963905
8.0825567
8.4161844
8.2303438
8.1973324
7.6164064
8.057457
2.5933874
7.9159641
8.1250763
7.9250221
7.6437821
7.5545311
4.3694477
7.9831843
8.5272675
6.8404126
8.1415901
7.6377769
7.6047702
6.3170519
7.6149592
7.0589194
7.6690865
6.8699236
7.8834934
7.9617405
8.6246567
7.0199671
7.0426683
8.2640896
8.4753294
0
7.58674
8.0854483
8.4586496
6.7310181
7.9862499
7.630249
7.2330041
6.9691443
7.6814451
5.9527564
7.9026723
7.7621708
8.1137257
8.5964661
8.3110914
8.5871859
8.0806246
2.5980494
8.1999454
7.9906402
8.1440802
5.9777775
8.0094881
8.234499
7.6703992
7.3605809
7.7434592
7.7923231
7.8127575
6.9833846
8.3576107
7.9183784
8.2711325
5.9455843
8.2295113
8.2948303
8.4592991
6.9757061
8.2589083
7.8352332
6.950036
8.6427345
8.3964367
7.3816962
6.1780739
7.061388
5.9121509
8.1250763
8.095561
7.2728758
7.8678474
7.3894095
9.2878799
7.9916768
7.537663
8.7881737
8.2517614
8.4815664
7.2728324
8.6993065
5.0960484
7.1552987
7.6362095
7.0718384
8.3925505
7.7075682
7.8190336
7.7406645
8.7368603
7.1137018
8.1256313
7.6482034
7.9290137
7.6225414
6.9749465
8.0562286
7.8787708
7.8462968
6.0303845
7.5755849
8.6327515
8.1397686
6.7845984
8.3202658
7.9552498
5.6840048
6.1842775
7.6966672
8.0680895
8.5630026
7.032238
8.3156281
8.1878204
6.7307944
7.7616386
7.6971779
8.2093086
7.8364687
8.5647211
6.9882979
6.4050217
8.108285
7.7131143
8.4152708
7.3777981
7.8450732
8.1702919
7.8632669
7.2619271
5.1870365
7.898736
8.3420954
8.39007
7.5930276
8.2249508
7.8102007
8.360569
7.6587291
8.5719185
8.1738224
7.370152
8.157836
6.2998681
8.3539391
8.0561495
7.9853144
7.481626
9.0285187
7.0311337
8.6755848
8.265522
8.5252981
8.5074081
8.0461893
7.5090613
7.9767671
7.8897634
7.9329004
8.1216288
7.3222213
7.6301579
7.8609562
7.6164989
7.7806163
7.8367896
8.3397245
8.5594139
7.7975736
7.4475694
8.0565653
6.4755292
7.8152575
8.427515
6.6608953
7.8252954
8.5157175
8.0873718
8.262043
7.196312
6.1651554
8.9234915
7.8998489
7.9429398
7.8775868
5.31812
8.5267105
8.1241503
6.1780739
7.7375073
7.9100633
9.0050058
8.0022135
7.9778395
7.6905146
6.1242728
8.380084
8.4835072
7.5836611
8.0650291
7.6117806
8.3786497
8.8000202
8.5025997
7.0369177
7.9969482
4.974144
6.8700533
9.6048031
8.8704872
7.704699
8.5491762
6.2880907
6.0537057
7.8302765
8.0957699
8.0187902
7.856029
7.509335
7.6578441
6.1179595
8.7492962
7.3400245
8.0718822
7.8800011
7.3525214
7.5556765
7.782208
8.322546
7.6147127
7.4920635
8.2669992
7.7588406
7.8177762
7.8856821
0
7.9692278
7.8673449
7.802567
6.9780974
7.8424258
7.4727492
8.2160883
5.6421285
7.4160776
8.1287699
8.8585644
8.0146666
7.6804643
8.1424999
8.0401649
8.1397686
6.6690221
7.3778372
8.5523186
6.0678468
8.4432774
4.784884
7.4167542
8.2282104
8.1035891
7.8450732
8.1764088
8.5665789
6.4135613
7.9561701
7.8287849
8.2228222
7.5396919
8.6456747
7.8139958
8.1436443
8.0501852
8.524045
8.1406803
8.3002806
8.5001869
7.9136581
6.6000404
6.4285092
6.8987775
6.8894005
7.9789109
8.5234241
8.6405163
7.4483337
8.0249443
8.286994
7.3279037
7.9170809
8.0959797
8.3376179
6.8163252
8.2484961
7.5024967
8.190424
9.0547829
8.181056
0
7.6862197
8.0965319
5.9363813
8.2177925
8.1966782
7.7608399
7.8475184
7.5771861
8.3764935
7.6526642
7.953999
7.1260371
8.3929043
8.6204491
6.9830365
8.4969902
6.6042824
8.4694986
7.1749158
7.4602027
8.1843739
7.7534628
7.4347005
7.9906402
8.2590857
8.1738224
8.2610102
7.4744887
8.0411711
8.2798872
5.8691201
7.0711489
8.0854483
8.2311764
5.7066951
6.6810899
8.3331347
8.5528021
7.8550601
7.9658928
7.9670854
8.1415901
4.0995393
4.8106589
7.34197
7.9638081
6.0240526
7.6286392
8.0167303
8.367837
7.6910858
7.9327211
8.3778162
7.6393719
7.7753806
7.3366523
6.2396665
8.1895571
6.5786433
8.1855764
8.2606869
8.1195107
8.1470346
8.0533504
8.2966709
8.1436081
7.6040225
7.8764014
7.4298916
8.2016258
8.1148481
5.2552142
7.6496925
7.0340576
7.3620901
8.4912338
8.4034643
8.5320816
7.8971572
6.5735054
7.7740679
7.2623658
8.1956272
7.9594507
8.3141584
7.5230422
8.0729551
8.3049278
7.9958963
7.5496092
0
7.6934247
5.9779358
8.5624056
7.529675
7.6776032
7.7897134
6.6162324
8.29247
8.3726006
7.0036335
6.5405788
7.9767671
8.5707579
8.2336693
8.5139503
6.938951
8.1424999
7.5090613
7.8475428
7.6586404
6.7896051
8.4339743
7.0200791
8.2369833
8.8638811
7.9407172
7.8680868
7.9821177
7.509335
5.7762971
8.3019247
7.9713879
7.8217683
7.9271889
8.1315489
5.3741202
8.2498035
8.0462093
7.7522011
7.9990492
8.0921631
6.7901673
7.4988699
6.7236071
8.2093258
8.1232243
7.5117297
6.920733
8.2775078
5.0164518
7.4626098
7.6117806
8.0796566
7.5221972
8.2059011
7.5329914
7.9627204
7.2156992
7.7910061
7.8794808
7.9799809
7.7352147
8.3576107
8.0527935
7.3112183
8.2177763
8.2016258
8.7473125
8.7010756
7.1376262
8.0825567
7.2377782
7.3481851
7.9010072
6.5950971
8.0044909
5.4735827
7.1462798
8.6591263
6.2286344
8.4187527
7.5279956
7.704699
7.2857637
7.4869285
8.3641148
8.0421772
8.0728569
5.9269261
6.7153835
7.8987594
8.495203
0
3.7271984
7.6511798
7.2965403
7.871645
7.7897134
5.7958679
8.4310904
7.8364687
7.8787708
6.1245465
9.0042381
7.3926888
8.4473066
7.2734394
8.5570145
7.3600245
8.2534065
8.2529831
7.9641123
8.2987261
7.893012
8.0119562
8.22649
7.5496092
7.7714362
6.4960208
7.9853144
7.8158879
8.1137257
8.3971424
7.6055789
6.8432837
7.9599528
6.6032662
7.6016836
8.3691282
7.1321483
7.7501302
8.2303438
7.6286392
8.344327
8.0670118
7.2905059
7.6374454
6.5007262
6.8730345
8.5121803
7.6541471
7.3235831
7.6468911
7.3338399
7.6287303
8.2617846
8.4586363
8.5918369
7.5296416
8.0988331
8.2885656
8.388649
8.316453
8.1488428
7.1134982
8.4221954
7.7845254
7.7884707
8.5766411
7.8917279
7.742022
6.637094
7.1654453
8.1007299
8.0551577
7.4627175
8.072896
8.1790943
7.6639361
7.8668661
7.7482443
6.4136639
7.9821177
6.7750092
7.3288474
6.4869227
7.647965
7.4849305
8.1306114
8.3950396
8.137414
8.2353277
8.9871969
7.725606
8.1747026
6.2761736
8.3836622
4.0452418
7.5915465
6.186337
8.2156153
8.5314655
6.3051343
7.8401656
8.5326977
7.600996
6.6853147
4.3299108
8.1101646
8.7026348
8.3793669
8.3366899
7.8573356
7.1508484
7.9682112
8.2525768
8.486064
9.0924015
7.4692264
7.5835657
5.1877351
7.8441672
8.3685484
7.7740679
8.8939161
9.0638685
5.9289241
8.0167513
8.4205446
8.2639608
7.5077586
6.4971519
8.0053253
7.8046594
7.9072838
7.9302063
8.2647171
7.8305249
8.718091
8.6867142
8.6388578
8.5830984
5.9457479
7.4762602
6.9170866
3.7982943
7.8190336
7.9109116
7.9544821
8.2464666
7.2259364
6.7960553
7.4219627
8.2822618
0
5.8780861
5.4832397
7.6976604
8.39855
7.5396919
8.5117035
6.9265771
8.6050892
8.0424786
7.6273007
8.3248215
8.0777187
7.8477626
5.0570416
8.238636
7.8038688
8.0700073
8.2870255
7.5700889
7.8495674
8.5570145
4.930419
5.358942
8.1414442
8.234499
7.9632282
7.6731358
7.673223
8.6645346
7.9067774
8.7795572
9.1531086
7.3591495
7.9150057
6.0069685
7.8905358
8.7071829
7.4349217
7.20786
8.3213148
8.121666
7.8064165
5.7091846
7.248682
8.1981926
7.7474351
6.4685717
5.8954353
8.1073999
7.8620639
8.6032104
7.8882174
7.8190336
7.8751431
6.5562453
7.9591012
6.2161069
7.9661746
8.7576952
6.7819085
7.6615567
7.5108066
7.5931225
7.4160776
8.3217859
7.7657018
7.4365435
7.9616318
7.7172956
7.9900899
8.1790943
7.7753806
6.3393669
8.1195107
7.7832241
8.7373619
7.6508527
8.0610924
5.3336244
4.6132622
6.5852227
6.0827894
7.8548179
0
5.4405222
8.36127
7.7494841
6.8889546
7.8704286
6.7995434
8.2509623
7.0720506
7.917172
6.4175491
7.14923
7.9146862
7.0635295
7.6210113
7.8426223
5.419982
6.2406411
8.3436136
6.2514219
7.8327827
8.4013615
7.6024637
7.512754
8.446167
8.0057421
7.9863772
6.0242038
8.4192276
7.8487387
6.7044144
7.509335
7.9013309
8.1542482
7.1520729
8.3010559
7.467371
8.0461893
7.9724874
7.4179559
7.8858466
7.6594071
7.932519
7.7103171
6.9520712
5.5733414
7.6650209
8.448245
8.2303438
8.1649723
6.9146066
8.3098612
6.8604016
7.2375536
8.8625546
7.9719915
7.6934533
5.076735
6.583323
7.8277888
8.5958891
5.8866248
5.76617
8.2236605
8.9346695
8.3524656
6.6001258
7.4302993
7.9901533
7.3877478
8.373785
8.1973324
7.4475327
7.6990495
6.805861
8.1912899
7.8435545
8.1026812
6.4339442
7.4887481
8.482213
8.6147738
7.9461532
7.9506788
8.2917032
8.4874039
8.7443285
7.9102235
8.6137638
7.2623658
6.052824
8.0728569
8.0757771
7.8616548
8.0185843
8.0005798
7.3739629
7.7628617
8.7252235
7.7048683
6.6366024
7.4621429
8.5308619
8.0738316
7.6009026
8.099782
7.6876535
7.6673923
4.2440209
8.5052471
7.7871227
8.232008
5.9289241
7.8484459
9.1593428
5.3023715
8.5308495
7.7754335
7.4745593
7.9429617
7.6467118
6.7162919
6.8796773
6.511095
8.1306667
7.6217766
7.2265272
7.9193563
6.997653
6.0009508
7.7795453
8.3936825
6.5502763
8.3256245
6.4575543
6.0969501
7.9789319
6.8665428
8.1064014
8.4392586
5.4043651
7.7817388
7.3035069
7.6526642
8.2827673
7.1286964
7.4603825
6.1316342
8.1324682
7.7936125
8.1297092
8.5900955
7.3856959
8.3141584
7.11832
6.7193904
7.9821601
8.39007
7.739305
7.4409537
7.2012639
7.2860632
7.3874769
7.3719215
7.2465019
7.9982305
8.3179798
7.9204917
8.6164732
8.6629152
8.4317713
8.32376
8.0008316
7.8931289
6.5558014
7.085012
7.5179286
8.4649782
7.6882262
4.1441264
0
8.91471
5.9454207
7.8905826
7.8165178
6.3499036
4.0995393
8.3836622
7.6533761
5.9204049
7.9283609
4.5505819
8.0620785
7.8014426
7.554564
8.0491877
7.4833145
7.2464571
3.7271984
7.930656
7.1701674
6.4084258
8.7017202
8.7398462
7.5330253
7.7845511
8.0461893
8.2278433
8.0571404
7.689085
9.0073061
7.403594
7.4655838
8.0600863
6.4382515
8.6310797
7.9362803
8.6136389
8.8844376
6.4185686
7.9148002
7.8561745
8.0094881
7.8367896
8.3435831
6.103816
7.6688533
7.7068377
7.7819209
7.5396919
8.7876968
8.3943195
8.265522
5.4706936
8.2361555
8.0902491
8.3779459
8.2133141
7.6055789
6.5868611
6.9177055
6.889082
7.8127322
7.3153014
7.2216988
7.9638734
8.4034643
4.2431235
6.8708968
5.7956777
7.9979992
8.4324522
7.1967335
8.1825943
8.0074291
8.2336693
9.2411118
7.7393866
7.7172956
8.2403851
8.0158434
7.9816904
7.877255
7.6014962
7.1825418
6.7155347
8.5429344
8.8913393
8.4538269
7.6225414
6.9081926
7.8968549
8.3786497
8.2328386
6.901926
7.8177762
7.5110459
6.5474129
5.3775907
7.9122629
6.110774
6.9655523
7.9418955
5.5733414
8.023921
7.9485397
7.4973111
7.5794234
7.5605035
8.3450842
7.6511798
8.4599609
7.5247974
6.5870333
7.0863199
6.203547
4.8352895
7.634428
8.6498652
8.1614103
5.7861304
7.0907016
8.0970078
8.8874626
8.356144
7.0745401
7.9890308
8.4678717
7.8893657
7.6102958
8.3914881
7.5062141
5.9693465
4.4815893
8.4789724
8.1506481
8.7809992
7.5628438
7.8928723
5.9757161
7.3856187
8.272315
7.6835189
8.3095541
8.3450842
7.8940382
5.460649
8.0854483
7.9344239
7.7334647
6.4973407
7.2943349
8.4027643
7.7727528
8.1614285
6.9918094
8.7272511
8.3316164
8.1497459
7.930656
7.7766924
8.39855
8.0000982
8.1938839
7.9990492
7.3067832
7.2575316
8.4873781
7.6581979
4.730701
8.5494909
7.490006
8.3141584
8.0998011
5.6748257
7.2489486
7.5330253
7.1172562
8.1878204
7.5739808
8.0198393
7.7293234
8.2101583
8.5109234
8.92099
8.3465528
8.2262554
8.8482943
8.4201174
7.502152
8.044486
7.4819078
8.2050476
8.5593424
7.4744887
8.6204262
7.4386778
7.7440281
7.7354608
8.6510792
7.6928549
7.5230083
4.9527411
7.8996868
7.4314108
8.243578
7.6437225
6.7348146
8.1064014
7.4921684
8.5789938
8.3895874
6.9598141
7.5861058
7.9681463
8.1412439
8.3103228
8.1694069
8.1321735
8.8107948
6.6293631
7.9293966
8.6090889
7.88587
7.4767556
8.8482037
8.1452236
8.5760632
6.7254839
8.0198393
7.8500547
8.3056383
8.4969902
6.6918511
7.2464571
7.8644681
7.6009026
6.4436345
8.3931875
7.0612273
7.4683704
8.8003969
7.7186856
8.1232986
8.2873554
5.8684139
7.0413022
7.5212502
7.8302269
7.7298179
7.648293
6.4387512
7.6241307
8.0846395
7.9541087
8.1287699
5.3026829
5.3735409
0
8.4626055
8.4235687
8.4579735
7.2922096
8.171176
5.812263
8.3964367
8.0858526
8.4201727
7.4920635
7.2624531
7.8433337
3.6490335
8.4802694
8.2203188
4.8352895
7.8752618
7.8165178
8.36273
8.5168056
5.1146197
7.6574602
8.4027643
7.6316743
8.0610924
7.3699946
7.9605417
8.0920095
7.8249207
7.929914
7.5010133
7.5756168
8.2110415
7.7548833
7.4798288
7.6917481
7.8882174
6.5521512
6.7380786
7.970438
8.5065117
7.2817726
8.2699966
0
6.1110516
7.5263138
6.0457454
7.1727605
4.2870288
7.8881936
8.8028421
8.478322
7.8089323
7.2849069
7.0900769
7.9272795
8.1883936
8.3406048
7.8620639
7.9008679
6.3100319
8.6747313
8.5289984
8.5146904
6.9445691
7.9090762
8.0417948
7.0060158
8.1416445
6.3868794
8.5350208
7.3643885
8.5699282
7.0529914
7.6392212
8.1497459
6.7570052
8.1388569
8.2278595
6.8166676
4.6745796
7.7243638
7.8450732
6.0085058
8.3179798
7.3156757
8.6784296
7.2995439
8.3450699
7.8545265
5.6642618
8.0762043
0
8.4125271
8.6299639
8.5296154
7.9507008
8.1415901
7.7487836
7.7297354
8.112977
7.8109102
8.6752644
8.1278477
7.9713879
8.2084579
7.3960667
8.2411098
4.973712
7.2836199
8.5877686
7.7675552
7.911118
7.8787708
8.5725689
7.3090448
8.3978462
7.3480644
7.3964505
7.7283607
5.6298666
8.0815907
7.7528186
8.3018475
7.9821177
7.5437036
8.0640469
6.5147128
6.3379312
8.4338255
8.6215534
7.7608399
6.5197926
6.6162324
6.2882071
8.8464966
8.4097471
4.1500549
7.9703083
8.6119347
8.335372
7.235754
8.5388327
8.4843473
7.3399434
5.1332216
8.166873
8.0615263
7.8823147
8.0820742
7.7261577
7.7033744
7.8584957
5.8598957
7.7332458
7.2124786
7.2942924
8.0728569
8.3605394
7.5397916
8.0172253
8.8761864
0
7.6348205
8.0873909
7.9623723
8.265522
7.4621429
8.3233051
7.2954383
8.036129
7.7610531
7.4744887
7.9605417
6.911623
8.2353277
7.0503936
5.3178134
8.3202658
8.0709257
5.5958724
8.0688334
8.6906214
8.1697607
7.5330253
7.7325883
8.4392853
5.2854218
8.2160883
7.739305
8.2687483
7.9611087
8.3502531
7.9671936
6.5890126
8.0053253
5.4994707
7.1291475
6.8465447
8.39007
7.544663
8.6646318
7.7806163
7.7393594
7.1211009
6.2935348
7.3990159
8.9903479
8.8563404
8.6107969
7.8741922
8.1260004
8.3217859
7.9273467
8.6181688
8.5503864
7.7661786
4.5115461
8.1306114
5.1522074
7.0478978
8.0208454
6.8860207
8.6271677
4.8357859
8.2558289
8.0902491
7.8848352
8.3756008
7.3153014
8.4495831
7.9284062
6.8471422
7.5626812
8.2075386
7.664464
8.36273
8.4215078
5.9357204
7.6135411
6.4181609
6.1518016
8.5635996
8.2877798
8.1667662
8.040225
6.4135613
7.8834934
6.3109403
6.9505754
4.7027507
7.9990492
8.5351563
7.6905718
6.3710775
6.4112024
6.9945064
8.0891371
8.3921967
6.4966807
6.2693329
7.7242255
8.1424999
6.8763938
7.4030228
8.6064053
8.619298
8.4076576
8.2542038
7.8668661
7.3807621
8.0453281
7.5962038
8.2893982
8.6226902
8.3721676
6.5475025
6.9538631
8.250946
8.732708
7.0365882
8.4473066
6.0810766
8.4417686
7.6542358
8.118989
5.0964308
5.4735827
7.9289689
8.0502052
6.9831524
7.4402199
7.819787
7.9917192
8.0230808
8.2517614
8.0988331
7.7487836
7.7531676
8.4125271
7.514936
7.7771115
8.0777769
8.2252016
9.5228672
8.910923
8.234499
8.1112347
8.0431814
8.6073427
7.7554994
8.4796209
6.5560679
7.8823385
7.758307
7.3398623
7.9821177
8.1255388
7.9969482
4.7016163
6.799613
8.6709871
7.8038435
7.337913
7.4066348
7.4935956
9.3141375
7.072104
8.0376444
8.5252857
7.0838594
4.6138821
6.96626
8.0575953
7.389564
5.0570416
7.9227595
8.4899502
7.8890142
8.0167513
7.0090699
7.2172599
8.2364044
7.2284794
4.9527411
8.2963905
7.868063
8.5274401
6.5576658
8.2336693
8.2497711
6.3496852
7.9583583
5.6931005
9.0114698
7.3024545
8.356144
8.1805658
8.2550163
7.0772343
8.1386738
7.5852175
7.8089323
7.5787845
8.4076576
8.0256796
8.2244987
7.676126
7.577282
8.2830515
7.4179931
7.4125376
7.730504
7.6818776
7.5907259
7.8963666
8.1016779
7.0063553
8.4201317
8.407671
8.2606869
7.2900372
6.9718447
6.0074301
7.22857
6.8163252
7.9495988
8.5884323
8.2719316
8.9666748
7.1507015
6.6081691
8.1938839
8.6963844
8.1551466
8.3435831
7.7228436
6.5995302
7.9484735
8.5789938
8.2838411
8.0591974
7.4143848
8.4553175
7.6556273
8.6520519
7.7767186
7.4010024
8.1185799
7.4365807
8.2932682
8.7078133
4.3299108
7.8596544
3.7271984
9.3858728
7.7648797
4.8106589
0
8.2600403
8.5314903
8.547965
7.9659796
7.0422316
6.0372739
8.8851728
8.0699682
8.3026066
8.4880219
7.8536048
8.2574501
7.5977726
5.473845
7.5577993
8.2776499
7.7379432
6.0682807
8.0094881
7.4163785
7.9627204
7.7131424
8.3095541
8.7611189
8.59762
7.2751722
4.4090033
5.0168657
7.6225414
7.6196628
7.6359377
9.0653143
7.7935867
7.8049397
7.5771861
8.2468596
7.9638081
7.5543346
8.1195288
8.2648621
7.8089323
6.7077789
6.5428319
7.9863772
8.3142195
8.6184177
7.9409399
7.4602385
6.8569226
8.3605394
7.8536777
8.5842905
8.029026
8.239131
7.6780663
5.776103
7.2263455
7.5230422
8.1333675
7.0420675
8.2207394
7.8450732
8.3691568
7.6673923
7.6775742
7.5643034
4.1981416
8.1278477
7.989264
6.9016113
6.8890185
7.6746755
8.6921959
0
7.2032194
6.9111247
8.5082407
6.8920069
7.7897134
8.5379143
7.2012177
7.4621072
7.5363641
8.5039816
8.0105257
0
8.4685278
7.9130864
7.381813
7.7393594
8.3914881
0
7.4679065
7.6833463
7.3006415
7.6990495
8.7886696
7.5007367
8.0757771
7.6768212
8.6569662
8.8576756
7.4621792
6.1903152
7.3216844
7.079658
8.1596603
8.1930199
5.6083264
7.9216719
6.7679901
8.6170387
6.1906996
6.8468103
7.0900769
6.3279366
7.8401656
8.4566469
7.765357
6.8989038
8.359808
7.6438723
8.0471897
7.9718194
7.8823147
7.8330803
6.7782159
7.0900769
0
8.4546528
7.9994688
3.7271984
6.7568598
8.3268642
8.3634586
8.6742077
6.5421119
8.2550163
5.5368419
6.552062
8.1641006
8.1973324
8.3568773
8.4201317
7.9950957
4.6970654
8.1159878
7.3895254
7.3620105
8.6542339
8.0287409
7.9159641
8.4090509
9.2405119
5.6423502
7.5471392
7.313262
6.5714083
5.8320656
7.0533156
7.9474354
8.3074131
7.9785037
7.9477229
8.8232985
7.1749158
7.377759
6.0317364
7.7172956
8.4704943
5.857933
6.8333683
7.8975286
8.0845051
8.0118322
5.3023715
8.1825943
7.5915465
8.7343187
6.0522361
6.66926
8.2917185
7.3504763
7.5041852
7.8317661
7.5545311
8.3234262
8.250946
7.5109096
8.3195038
6.917582
7.6882548
8.4515877
3.7982943
7.3757648
8.2893515
7.6967807
7.3215194
8.4048777
6.9947925
8.1497459
8.6720581
8.7964802
7.9725089
6.8765869
9.2227631
8.4940777
5.3023715
7.495542
7.930656
7.8823619
7.9033194
7.5626812
6.3836122
8.7221727
8.1524496
5.4979362
7.9429841
8.4828606
7.1893563
8.0269871
8.0670118
6.8127575
8.0881968
7.5586796
8.0679722
8.4486465
8.6068058
6.763957
8.0095081
7.5899048
8.9172268
8.3118591
8.2419662
5.9914646
8.0100689
7.8426223
7.6247106
6.9663777
5.9290905
8.1287699
7.1625524
7.9916978
8.1296911
7.6976323
8.0401649
8.1260004
7.9125147
8.1479397
7.3267288
8.4802694
8.0796757
8.0501852
8.0259657
7.8917279
8.0893288
7.0981174
7.9906192
8.4539871
7.2728324
7.0663605
5.9698257
7.6241002
7.8905358
0
8.4055634
7.130899
8.4652157
8.0883312
7.9848247
6.8745861
8.1269617
8.0630627
5.8600736
8.1461296
8.5369959
7.9807506
6.0523834
7.313262
8.335372
6.0243549
7.9384899
6.304327
8.515316
8.2775078
8.5534048
8.4006596
7.9366827
7.5129247
8.9163885
8.449048
8.6432753
8.0806246
6.6531048
8.8433447
8.1007299
8.1137257
8.3126411
7.103065
8.095027
8.4062614
7.8202891
8.3286018
8.3736258
6.0966687
6.4877791
8.2194605
6.9111247
8.2186184
7.8399687
8.4132204
6.8501925
7.9584455
8.3641872
7.9495769
8.6073771
8.3641872
7.9250221
8.5102949
8.0187902
5.5707273
8.1388569
8.1646166
7.7714362
8.3929043
8.4466362
7.7922974
7.9351401
8.3487749
8.2250013
7.8151565
8.5585747
8.3144951
7.449389
8.5455379
5.6197214
8.2793798
8.4789724
8.6677656
7.6439619
8.482666
6.7235317
7.1797366
7.2900372
7.8536048
4.5505819
7.7474351
6.4966807
8.4606228
7.9462638
8.1342106
6.6929364
7.8001118
7.8413944
8.3843756
7.4254694
8.0978823
8.326335
8.6641464
7.9407172
8.2687483
7.8729076
8.1895571
8.5363827
7.9703302
7.6366315
7.0299177
8.134284
8.0226917
8.4953947
7.9874396
8.6921959
7.9885006
6.7989163
8.7896795
7.9906192
8.7790861
8.3907795
8.2963905
8.0640469
8.1139135
8.4304094
6.8638687
8.6125031
8.2566395
7.9649377
8.1773405
7.6933675
8.0188723
7.8315182
7.4141965
7.6194787
8.3428402
8.001564
8.1148481
6.8351846
8.177516
8.2925177
8.2118559
8.3049278
8.3315563
7.3338804
7.9293289
7.4179559
6.6696568
7.2286606
7.9455552
5.200222
8.2667427
6.438951
8.166749
7.6210113
7.9989443
7.7324786
8.1817207
7.4459648
6.9535646
7.7022848
7.2558122
5.3333225
8.0471897
7.7662315
8.3808002
8.8990488
8.1694422
7.8487387
7.6703119
8.171176
7.7720947
7.6255951
7.916853
7.4202418
8.5866022
7.4762602
8.2007685
8.2328386
7.8882408
7.4620714
7.5297756
7.7910061
7.1915236
8.267128
8.5860195
8.250946
8.384861
7.5835657
7.798728
8.0664625
7.7070909
8.1251497
8.0630627
7.6717687
8.3929043
7.5349631
8.265522
6.84375
6.8335705
7.9446249
7.0981688
7.3157172
7.70329
7.4619994
8.4750681
7.2881165
7.6242223
4.4090033
7.5773778
7.8293319
8.3721676
5.6960444
7.1209493
7.6585817
7.5363641
8.5149403
0
7.5349631
7.4656196
8.0001192
7.7406645
8.8590078
8.2924862
7.9821177
7.6323404
6.0466332
7.416153
7.6513877
8.1781826
7.0283675
8.8438044
8.2253361
8.4602261
7.1812115
8.4912338
7.6539397
7.4868937
7.7871227
7.5161614
5.8950915
7.533092
7.8438487
5.1146197
8.3270912
0
6.0001764
7.2880306
8.2018833
7.2866197
6.2468333
8.9334335
8.6056614
0
8.4743509
7.8835168
7.4240532
8.4539871
7.1871376
8.0796566
8.4263105
7.8102007
8.2885656
5.3864999
8.1802158
7.8140717
8.4607553
7.5297422
5.8514838
7.2834053
8.0776215
7.8633389
7.2684846
8.2951431
7.6372042
7.5246964
5.9773021
7.4675498
7.0002203
8.0628271
7.9170809
7.7621708
7.9056258
8.2198143
8.2066689
5.7665615
8.7952986
7.9148002
8.3413506
8.0531712
5.0308461
8.5320816
7.8834934
7.798728
6.0240526
7.9938731
7.9990702
7.6833463
7.5994015
8.7302866
8.0198393
7.7033181
7.8787708
8.1323938
8.0021925
7.3858509
7.6615567
7.7514753
8.3736258
6.7605596
6.6616149
8.6081991
