ln_avg_totq_contr
7.8986897
7.9136581
5.3630514
8.5778179
8.6360979
7.3340435
7.7131143
9.1458015
7.9990492
7.6452184
8.2623005
8.1167526
8.162302
6.0088134
6.0240526
8.0053253
8.0689507
7.4920635
8.2084579
7.836493
7.1654935
7.0147018
7.5041852
8.3879528
7.6210113
7.8536048
7.9373746
7.6804643
7.9979992
7.4920635
7.2310157
6.5062509
7.9113698
7.8063912
8.1834669
7.2575316
8.2924862
7.2375984
7.2219272
7.0853262
7.7701178
7.4584384
6.9297614
0
7.8133221
8.2278433
7.8870206
7.9627204
8.9554482
8.0198183
6.8570538
7.798728
7.3302412
8.2007685
5.8239698
7.4780283
7.5610566
6.8635421
8.6709871
8.2452202
2.8071411
7.7832241
7.9407172
7.5626812
8.3743324
8.286994
7.3894482
8.3999567
8.0320959
7.0089574
8.2542038
6.4138689
6.1516681
8.8419905
8.3420954
8.1930199
8.3836622
8.50208
6.4577503
7.4311514
7.704699
8.316453
8.9375467
7.7793102
7.6790204
8.6243649
6.5731564
7.9113698
8.9694624
9.4841766
7.7648268
8.739336
7.7832241
6.8095222
7.9927754
7.5739808
7.9583583
5.2217064
7.4711852
8.5357819
7.7269845
4.974144
7.5577993
7.4142342
6.7266831
8.1553087
7.9148002
8.541276
8.0561495
6.8568568
7.9317789
6.1245465
8.5326977
7.495542
8.0320759
7.3338399
8.5221806
7.923914
8.4041643
4.1441264
5.1877351
7.6102338
8.3568773
7.9627204
6.8699236
5.4339948
7.9102235
8.4937963
8.4957142
7.7420492
8.0401649
7.6862483
7.3836398
8.524045
8.1569586
8.5058918
8.1921549
7.8963666
7.7568374
7.6775742
6.5157309
8.2558289
7.9561701
7.9916768
7.7793102
4.7312522
8.0310602
8.4835072
8.6282873
8.5766525
6.130003
5.2384348
7.8487387
7.9916768
7.4235682
8.0431814
6.756351
7.8152575
7.7714362
7.1457872
6.4629321
8.6585846
8.2211428
6.5470543
6.5199766
8.0163183
7.6164064
7.6762419
6.5692186
8.5659838
4.3686566
7.4141965
8.112977
8.243578
6.4726362
7.7581735
8.1223154
8.004282
7.3836012
6.4635167
7.0340576
8.3278618
8.0351171
8.5641956
7.5755849
7.6526942
8.0310602
7.5835657
5.0320706
8.2394619
8.0422173
5.0960484
7.9746189
6.2766433
8.0094881
7.0901809
8.0921822
7.6819925
7.519557
8.2444
7.6271181
6.299294
7.7897134
7.7780023
0
8.0748043
7.4255071
6.7459712
8.004282
7.5111146
8.156044
7.7674756
6.6041131
8.4466362
6.1439176
8.3649302
5.6638284
7.4746656
0
6.6454158
8.0501852
8.221983
8.0521774
6.2270308
7.3621297
7.6496925
6.2157326
8.8779831
7.8692584
8.1990519
6.9920392
7.0722098
7.6496925
5.4569225
7.6819062
8.156044
8.5964661
8.234499
7.5229411
7.7461114
7.5723743
7.6615272
5.5834961
8.1729412
7.9272795
8.7562103
7.3951845
7.7714362
8.2484961
8.520936
7.5899048
8.2118559
8.2924862
8.4125404
8.0709057
3.9901407
7.4441023
8.040185
7.5900941
7.3876705
7.8051181
7.7884188
3.8672872
8.0320759
6.8166676
4.7584276
8.108285
7.5915146
2.5980494
7.9295316
7.8426223
7.6118116
8.5618076
0
7.751502
7.5962353
7.7061067
8.450078
7.7311082
7.2012177
7.5229411
6.1242728
7.9010072
5.2384348
8.1694069
7.8352332
8.417387
7.7352147
8.1542482
8.1296911
8.1887236
6.6571283
4.6145015
7.4885731
8.5418854
8.0699291
7.1727123
7.9648943
7.8787708
7.4850707
6.8599429
4.3299108
6.5473232
8.4201317
6.6128807
7.8000093
7.9407172
7.4493527
8.1497459
5.0948997
8.8301773
7.8089323
7.7283883
8.6558676
7.2794051
8.3064718
7.5626812
7.6847839
8.2476788
7.881135
8.7881737
8.1101646
7.6703992
8.4606228
7.8215427
7.9756937
7.3216019
7.8327579
7.6703119
7.994864
7.3175859
6.0091205
3.7271984
7.9681463
7.8705239
8.1973667
8.3858023
7.7269845
7.8102007
8.2394619
6.0968094
6.7992649
7.0262046
7.7935867
8.1388569
5.4456592
7.9638081
7.4885731
7.7089157
7.2575755
7.9102235
8.5431042
7.5643034
7.5246286
7.4727492
8.0748043
8.1101646
8.0167303
8.0551577
5.5101471
8.2893515
7.6210113
7.6225414
8.134284
6.4921451
7.6255951
8.045188
8.7005558
7.7365799
7.11832
7.8752141
6.5827174
8.5689554
7.5723743
5.2029757
7.0255938
8.6879902
7.9799809
6.4034705
6.370543
7.5977726
7.7897134
7.1310487
7.5330586
7.860908
7.8401899
7.9627204
8.330864
6.0240526
7.6009026
7.9735432
7.2033591
8.1878204
8.8818359
6.6287026
8.0689507
7.8499575
7.8475184
7.0774455
8.3338709
7.4920635
8.1045151
8.1016779
7.5884819
7.6452484
7.5707655
8.2775078
8.0511818
8.2901354
8.5046148
7.5110459
8.4963655
7.8608599
7.2101722
7.8870206
5.7859383
8.0650883
7.4365435
8.2261724
7.8377023
8.2033386
6.8301992
8.3936119
7.8846707
6.5652652
7.8352332
6.4729257
7.7131143
8.2877798
8.3323832
8.7292757
8.2735281
5.9123197
6.7082367
7.9113698
8.1064014
7.2619271
8.4235687
8.2110081
8.940834
8.6226788
7.9295316
7.3500342
7.221653
4.9522996
7.2597318
5.9931817
8.2790947
9.2873011
7.8438978
7.6600556
0
7.9272795
7.6437225
8.1415901
7.9103842
8.3270912
7.8752141
6.5517945
3.7271984
7.2631426
5.9777775
8.2468596
8.8965454
7.9114156
8.162302
7.6240697
7.6962128
7.4402199
8.2517614
8.712966
7.5414844
7.4568515
7.509438
5.3624654
6.8570538
7.6673923
7.0690236
8.7669783
7.8692584
5.7062793
5.0570416
7.966001
7.5059047
5.8422756
8.2550163
8.267128
7.6194787
6.7747235
8.3685484
7.9148231
8.7660046
7.0691829
7.5263138
8.0330906
0
7.3520803
7.8881936
7.5144591
7.6688533
8.4166822
6.2470751
7.7715416
5.8779106
8.0718822
7.4565988
7.6819062
7.9373746
7.2857637
7.2531166
7.8000093
8.0208454
7.0147581
6.6246462
8.356144
7.770144
5.8402781
7.3112602
7.0007901
8.0320959
8.0806246
8.6837664
7.9113927
7.7242255
7.1409979
8.1241503
7.5247974
6.5609422
7.2354841
7.661674
8.1947813
7.2538948
7.9295316
8.4062757
7.4888182
7.3759212
8.5941544
7.5772181
5.9919333
7.9125147
6.6932464
8.1296911
8.7348213
3.2556899
6.7852345
8.0411711
8.0689898
8.7881737
7.9171038
8.1111031
7.8462968
8.0531712
6.4032636
6.7458243
8.8042593
8.1092253
6.0678468
7.7556601
8.0269871
7.6804643
7.8152575
8.4062614
8.1956615
7.29671
8.0074091
7.8475184
7.6990495
7.6905432
8.3391123
7.4457097
8.4297409
4.7584276
6.3768334
6.0830746
7.8165178
8.4886656
7.8190336
8.4180632
6.9295778
7.3639927
8.9201555
7.1655416
8.0541649
2.3333569
6.7490525
7.5041852
6.3975544
7.4602027
8.0601053
7.9090762
7.6024637
4.7312522
0
7.5723743
7.1237736
6.3811812
7.856029
8.0431814
6.0677018
8.3999567
7.4235682
8.6752644
3.6490335
8.0391569
7.9853144
8.2007685
7.6600556
8.3914881
7.7948747
6.7641735
5.6854911
7.5279956
8.3467999
7.7793102
7.4655838
8.1073437
7.0147581
6.4912925
7.9990492
8.0501852
8.9730349
7.3620901
8.8301773
7.9756937
6.151402
8.5540075
7.5247636
7.6194787
5.2384348
7.6194787
7.5962038
7.6556273
7.6947913
8.0491877
8.1016779
8.2394619
8.1938839
7.7379432
8.3569508
7.5413513
7.5819745
7.6164374
8.0228968
6.9659061
4.2440209
6.7387447
0
4.3299108
6.2331843
7.8728361
8.0441847
7.7780023
8.1685219
7.0532618
6.0222363
7.0640111
8.2542038
7.9799809
6.7229304
7.8870206
0
7.8227954
8.0136328
6.8951764
8.3472939
8.2059011
8.2948303
7.856029
6.6846118
8.6260471
5.2387662
7.1796889
7.8227954
7.8752618
8.0561495
8.1223154
7.9990492
7.4141965
8.3353863
7.360064
7.3718824
0
6.5909877
7.2531166
6.4289126
7.3600245
8.3301105
7.7228436
7.7324786
8.4263105
8.5221806
8.1999111
6.0666881
6.9170866
8.7814789
6.7679181
8.5437136
8.2286777
8.4918756
7.5899048
8.7689238
7.772779
8.4486465
7.9329004
8.644927
7.6991062
8.4372025
7.593091
8.1026239
8.5102949
7.604054
5.9771438
7.6497226
7.4495707
8.0806246
6.4577503
6.653347
7.5819745
8.2419338
0
6.7311673
7.9352293
7.5512524
7.9407172
7.9874396
8.1424999
7.0905457
7.6919422
5.5495625
8.1817207
7.5059047
7.519557
8.0391569
8.1157827
7.4833145
8.2798872
8.8210039
7.6317348
7.6933675
6.9656706
8.2566395
6.9144206
7.913681
7.6587882
8.1260376
7.7061067
7.8190336
8.9041548
7.7269845
7.9969482
4.9938283
7.6526642
7.7089157
6.2163568
7.8917046
7.8928723
8.3080139
6.7730041
8.2806797
8.3793669
7.9767671
8.6768646
7.8052454
6.7121205
7.8190336
5.8404598
7.2104955
8.0310602
7.6804643
7.8940382
8.2695332
8.0521774
8.533927
7.0314651
7.7228436
6.7855172
9.0573349
7.0148144
5.1514835
8.3435831
8.0844851
7.4833498
4.0995393
8.1260004
7.634881
7.7528186
7.7780805
7.3501949
8.4426041
8.388649
7.9789109
8.2525768
8.0864296
8.1685219
7.9778395
7.843873
8.1406803
7.2964134
7.337913
8.3858023
8.0481892
7.3990922
7.5819745
6.9599323
6.823626
7.70329
6.1833754
7.5803809
5.9029746
7.3971786
8.6471243
8.0391569
8.045188
8.10357
7.429224
7.972466
7.3153849
7.9474134
8.0660114
7.9216719
6.8733578
8.0187902
8.4579868
7.5610566
8.4691839
8.7708664
6.9297614
8.0806246
7.544663
8.4013615
8.0259657
7.5041852
7.6392212
6.9077554
8.4815788
7.9810495
5.1518455
8.3472939
7.8620639
8.0912066
8.2228222
8.1139135
6.6849241
7.7019348
8.0411711
8.752759
8.326335
7.6024637
6.8957458
7.8499575
8.4187527
7.8935719
7.6746755
5.0168657
7.3480244
8.326335
5.8852358
7.8063912
7.3049784
7.2883725
9.000391
7.4457097
8.2854185
8.0921631
4.9895821
8.036129
7.3991685
8.0021925
8.0401649
8.5479889
7.657135
8.0032377
7.4291496
5.7644072
7.1774006
7.7740679
6.144588
7.1435189
8.5165682
6.4084258
7.7753806
7.8823147
7.4235682
7.9261513
8.0748043
7.5447288
8.2940655
7.0952716
7.6775742
7.7433782
8.4539871
8.0330906
8.2901983
7.8740258
6.4279032
6.8023949
5.9618106
7.8656678
7.9396043
8.0601053
7.6422243
7.7554994
8.4104424
5.7064872
7.7089157
7.9594507
7.8426223
6.6329074
7.0341125
7.6377463
7.0901809
8.0094881
7.4457097
5.473845
8.5209484
7.989645
8.2016258
7.5196586
7.5178604
5.187386
8.5778179
9.0232573
8.138875
7.2307444
8.0988522
8.1333675
6.343441
7.2987409
8.4378796
7.9429617
7.798728
8.0902491
7.8752618
7.7621708
10.730674
7.5007367
6.6208229
7.4903202
8.3346214
8.1938839
8.1938839
7.385541
7.6467118
8.1232243
7.4047356
8.1424999
7.9958963
8.3634586
6.4483948
8.5345783
6.0611653
8.3936119
8.0650291
7.6601439
7.7885742
7.2124786
7.8800244
8.5320816
7.7529798
7.6347299
8.1895571
8.1676359
7.4620357
8.5077744
8.0844851
8.7655172
8.6487694
7.4493527
6.3159227
7.7753806
7.8051181
7.8215427
7.5465121
4.6145015
7.5529914
8.5159426
8.4880219
8.0757771
7.6990495
8.0543442
8.2169323
7.9285188
8.2687321
7.8389344
8.3605394
8.0988331
8.0218716
8.0411711
8.3872271
6.9889894
6.0163097
7.994843
8.8089294
7.8917046
7.5756488
7.4833145
7.6087155
5.1335902
8.5941544
7.9681463
7.7581735
5.9537301
8.5636234
7.7270117
7.664464
7.7117448
8.2509623
8.6715221
4.044147
7.0926776
7.5755849
8.5131855
8.5713263
5.8415499
8.303381
7.3338399
8.0940733
7.1358862
7.476366
7.9384899
8.5033474
7.8039198
8.2940969
8.1222973
8.1139135
7.8202891
7.1314487
4.5830522
7.5042195
7.6990495
7.7379432
3.8672872
7.9821815
8.2610102
7.0451775
7.7186856
8.1296911
7.7145658
8.8228378
7.2174435
8.2427559
5.9698257
7.6009026
2.9799838
6.138267
8.0351171
7.8127322
7.2794051
6.4585342
8.2050476
7.0342226
8.6181688
7.7269845
7.4972768
7.4047356
7.8775868
7.7460847
7.7961607
8.4486465
8.3018322
7.406673
9.0389585
6.0164618
7.4691553
7.8998489
8.10357
8.3605394
7.4780283
8.2419338
8.238636
6.6691809
7.5463142
8.4111376
8.3914881
7.8893657
7.5024624
8.1921549
8.0988331
7.5246286
8.7497921
8.250946
6.0297832
7.8870206
7.4815559
7.9991331
8.0084486
7.7701178
8.6136389
8.3670969
6.2647071
5.561883
7.6408439
7.5659552
8.1343021
7.5977726
8.916028
3.9305995
8.1278477
6.3597903
7.9906192
6.9201779
7.5561666
8.3435831
6.8601394
8.1007299
7.5380292
8.036129
5.1149955
6.9145446
7.0227566
6.5251212
7.1387181
8.3133926
7.742022
8.8939161
7.6392212
7.6833463
7.7884707
7.8584476
9.132041
7.7569442
7.7661519
6.2097211
7.8893657
7.8572388
0
4.5505819
7.9874396
7.6055789
7.8063912
7.143568
5.5247054
7.0338373
8.1852112
7.972466
7.5914831
8.0844851
8.3293562
7.9959383
7.5512524
8.6204262
7.6056099
7.8596544
7.4584384
8.3879528
9.5006752
8.5246773
6.8098669
5.0771251
7.8870206
6.3707566
8.5677671
7.7406645
6.997539
7.5723743
7.9517794
7.7271218
7.5739808
7.8834934
7.9113698
7.2079988
7.8165178
8.2101927
8.5906763
2.8071411
8.5302324
7.6377163
6.3879309
8.6438255
8.844697
7.6225414
7.4973111
6.8763938
7.9517794
8.166749
7.1358862
7.7780023
8.1479397
8.5871859
7.1655416
7.7433782
7.5594292
6.209847
4.3299108
7.7352695
7.8775868
7.4745593
8.0969315
7.5787845
4.3290873
8.3992538
7.6876535
7.2376885
7.9670634
7.3257666
6.629446
7.5007367
7.9937887
7.044796
8.0208454
8.0105257
8.2971697
7.3216844
7.036643
7.6135101
8.0000982
8.2033558
8.0094881
5.5239577
7.5691538
9.0378456
7.7845254
0
7.0852737
4.8106589
8.166749
8.2775078
6.3605466
7.5496092
7.8139958
7.5883236
6.7452364
8.5369959
6.2457433
8.5503864
6.9858732
7.5279956
5.419982
8.0074091
0
7.5347629
7.1160388
8.0063677
8.6187344
7.3359194
8.0873718
8.0136328
7.0503392
8.303381
7.5819745
8.0198183
7.71451
7.4868236
8.0011454
6.652863
8.4486465
7.9329004
7.5930591
7.8367152
7.6301579
6.806622
8.2295113
7.6703119
8.0280066
6.4482961
8.3270912
8.3736401
7.6422544
7.3439922
8.227025
7.9216266
4.784884
8.0883503
7.7019067
7.972466
8.3757734
7.9863987
8.4276791
7.2619271
8.672122
7.9418292
7.5313516
7.4584026
7.8523903
7.8928723
7.7487836
8.5683737
7.5363975
8.0330906
8.3002806
8.0021925
8.4931564
7.7117167
7.9895606
8.5635996
7.881135
7.9638081
7.7541599
6.6127968
4.878056
7.6380177
7.4475327
8.2169323
8.4944487
8.2270412
9.0931044
4.6126423
7.6286392
8.1278477
8.2790947
8.2303438
7.4868236
7.8986897
7.8752141
6.209847
8.4520016
7.385541
7.8077135
6.9450512
6.1433806
7.8240461
8.8338366
8.7948246
7.6009026
6.0006409
7.8952498
7.8928723
7.3091707
8.1026239
8.1195107
8.157836
5.076345
8.3858166
7.9659796
7.0822864
7.9010072
8.0902872
7.9079733
8.5807667
7.4383836
7.2057743
8.1213694
7.0259271
4.9959445
7.421701
7.9572649
7.3382788
6.138402
6.9077554
8.5240822
8.1250763
7.4530549
6.96838
7.3720789
8.6215534
7.6438422
7.856029
7.6790204
7.5994015
7.630188
8.335372
8.515316
6.7001157
7.0145898
7.8102007
7.9895606
7.9362578
7.8523903
7.5043225
7.5280628
8.4912338
8.029026
6.7994041
8.2270079
8.2253361
6.7382264
7.6919422
8.1333675
7.6585817
6.3112812
6.7814832
6.3710775
7.8644681
8.1720762
7.7793102
8.2735281
7.7297354
7.6962409
8.4090929
5.8237853
7.934021
5.8148766
8.1083975
7.8102007
7.6164064
8.2118559
6.8766518
8.0269871
8.903306
8.6547785
7.8389344
8.267128
7.4815559
7.5247297
6.3770456
8.7694101
9.0122776
7.8917046
7.7674756
7.8012891
7.2881165
7.9850307
7.6556273
7.5158892
8.1195107
8.099782
8.0177603
7.5819745
7.208045
8.1973324
7.5178604
8.8292627
6.9202394
7.8811584
7.8705001
8.3678226
8.2476788
7.549675
8.6170387
8.6821775
5.5965686
7.0799212
8.2525768
6.5384111
8.3033962
7.9572649
6.3155842
7.9572649
7.3679848
7.2816005
9.0638685
6.8923244
8.4290447
7.5246286
8.650959
8.5534048
6.4185686
7.3298316
8.2411098
8.190424
7.5059047
8.36273
4.7301493
8.1379442
7.0534778
7.8438487
7.7541599
8.5090351
8.0757771
8.0167513
7.9529009
2.9799838
6.8732285
7.5331922
8.5052471
7.4366541
7.0665736
8.3217859
8.0940733
7.9238915
8.1658611
7.8632669
7.4833145
7.5528932
6.4284081
7.670516
7.3971786
8.0310602
7.802567
8.1461296
8.1379442
6.7237573
7.3702307
7.9272795
7.5432401
7.1532474
7.9056258
7.9605417
7.9056258
7.7780023
8.0011454
6.764318
8.36127
7.902164
7.6933675
3.9269116
7.8893657
7.7352147
7.8975286
7.9102235
7.7004933
8.1947641
8.50208
7.9789109
9.080018
7.7554994
8.0269871
8.2353277
4.9465413
8.8814106
7.006299
6.0681362
7.5413513
8.0371389
7.5819745
7.3442345
7.616468
8.5128088
7.9746189
8.1973324
7.3620501
7.1580763
7.2104492
7.4727139
7.9605417
7.7568374
7.9561701
8.2194605
7.0926776
7.7228436
8.3406048
6.8764582
7.9969482
8.2590704
7.1965461
7.6194787
8.2735281
8.9354925
7.6820502
6.9832106
8.5008097
8.359808
7.7581735
7.2794914
7.467371
7.3817353
8.1703091
7.8190336
6.1385365
8.4828606
7.3620105
6.8064146
8.8347378
8.190424
6.84375
7.2307892
7.6556273
8.7664919
7.9756937
7.8917046
7.9429398
7.9949064
8.7109079
8.2711325
8.7026348
7.909122
7.5397582
7.7634997
7.6437821
7.9605856
7.8038945
8.0187902
7.7433782
7.9484735
8.6010742
8.1213694
8.39855
7.0060158
7.7819209
6.2766433
7.9927754
7.972466
7.5007367
5.0164518
7.5851541
5.75594
7.760973
7.7269845
6.9714928
8.0854483
7.902164
7.0396605
7.7582002
8.1167345
7.5077586
7.8536534
1.9723434
8.3406048
7.4160776
7.7541599
7.2837915
7.604085
8.2574501
8.2024822
8.1533499
8.5473585
7.6717687
6.7598352
7.5757451
6.203547
8.0873718
6.9361606
7.8728361
7.664464
6.8632154
8.0259657
8.629405
8.2591019
8.221983
8.0669918
7.2058206
8.4815664
8.3271065
0
7.2058673
0
5.4733205
8.3301105
7.7766924
8.3707209
7.6271181
7.7806163
5.0168657
8.7478085
8.2127037
7.5346961
7.3758039
7.4438829
7.5883236
6.6367664
8.1388569
8.7418356
6.8127575
7.6102338
8.2735443
8.0650291
6.8301315
8.4173727
0
8.4459658
7.8644681
6.2453799
6.5197001
6.7157621
8.3707209
8.1808634
7.495542
7.3640718
8.0931377
7.6511798
7.7780023
7.6377769
7.5041852
5.5488329
6.560854
7.5835657
7.8438487
6.4185686
7.8339963
7.8740258
8.0610924
7.4850707
4.3282633
7.6571054
7.7701178
7.8692584
8.2885656
7.8940382
8.2016258
8.5134363
8.3383656
8.1361523
7.2151022
8.0883312
7.6225414
8.1551466
7.5993385
5.5244565
6.4721532
5.9774609
5.1694179
8.0280066
8.7237501
7.952879
7.7352147
7.2488151
6.988759
8.4194422
7.2879024
7.8426223
7.7541866
6.0297832
7.934021
7.70329
7.1531496
8.0873718
7.5545969
7.3798399
7.4565988
7.6164064
7.130899
8.3736115
8.3728895
8.3721676
7.6377163
7.1942492
7.8450732
8.238636
7.7018785
7.9746189
7.2836628
7.8764014
5.0373583
7.3137202
3.6490335
8.1533499
8.2378101
8.0738897
7.8438487
8.3532028
7.704699
5.473845
6.4529357
7.9627204
7.7228436
6.5785565
8.0738316
7.7338476
9.5053396
7.3758039
7.8038435
7.725606
7.7845254
7.1333957
5.6419072
8.5935755
7.8012891
8.6136503
7.6056099
7.6134791
7.8524146
7.8177762
8.8896189
5.2169719
7.0719447
7.3933401
7.7004647
8.0310602
8.1185799
8.6113663
8.0461893
8.1415901
8.5665903
8.0421972
8.8483028
8.1388569
8.7155313
7.8740258
8.0709057
7.2467246
7.7740679
7.5626812
8.1250763
8.1773577
8.1497459
7.7935867
6.7160649
7.7242532
3.5642371
8.349514
7.7447324
6.4968691
8.1362076
8.5283804
8.5725098
5.0164518
7.8038435
7.5528932
7.1055808
8.3532028
8.3757734
7.1701198
8.6542339
6.4175491
8.0709057
5.935225
5.9613276
8.0053253
8.1738224
7.5803809
8.5719185
7.9484735
7.3914924
3.7996938
7.9853144
7.57725
8.0136328
8.4931564
8.2932682
7.9295316
5.5733414
7.9384899
7.9799809
8.045188
8.388649
7.5595593
6.6242313
8.359808
8.5252857
6.8760066
7.6919422
5.6419072
4.0463352
7.7297354
6.1381321
7.6717687
7.8165178
7.9296441
7.9789109
8.3539391
7.7845254
7.8438487
7.1677127
7.6804643
8.5736914
8.4513206
8.2948303
7.3639927
6.9716687
8.3546743
1.9723434
8.5345421
7.2923369
8.3210258
7.6862197
8.3808002
8.0883894
8.286994
7.3006415
7.9170809
8.5515947
7.4602027
7.742022
7.6919422
7.6511798
7.5851541
8.9243565
7.8166943
8.6062336
8.2814713
8.5314655
7.1963587
7.930656
7.7845254
7.11832
7.1918058
8.4034643
6.7785716
7.0450687
8.3694668
8.1287699
6.6455784
7.8177762
8.2169323
7.2354388
8.6979723
8.2517614
7.6703119
7.5042195
5.9776192
8.1676359
8.0630627
7.3379941
7.2793188
8.0796566
7.7075124
7.6287303
7.0062423
7.8339963
6.9801922
7.7701178
7.8998489
7.6056414
8.2378101
7.2663469
7.8051181
8.709919
7.5883236
8.1939354
6.8304019
0
8.095027
8.7338152
7.7159038
8.1452236
7.9605417
8.7287703
7.8716688
7.9250445
7.6346998
7.7460847
6.8062763
0
7.9261513
8.8682899
8.2501307
7.7871227
7.0475173
8.0187902
5.4334493
6.5474129
7.9692278
7.6934247
5.8318825
6.3166003
8.4166822
8.10357
7.8952031
5.4475451
5.4866104
7.2397981
8.1316414
8.4132481
7.8728838
7.2466798
0
8.095027
6.612545
7.972466
8.3087845
8.0679722
8.4399071
7.1030135
8.0053463
7.6962695
7.9440932
7.8740258
7.5819745
8.1370306
6.292726
7.7935867
7.5610566
7.7214594
9.0645914
7.9906192
6.5239291
7.7701178
8.0371389
6.2097211
5.9123197
7.5788164
7.9756937
7.3581538
8.1533499
7.7202396
8.7221727
8.4242554
8.147994
6.3715048
8.39855
7.8352332
7.8102007
4.3299108
7.7283607
8.3678226
8.6454763
8.9071217
7.8389592
7.742022
8.0806246
6.4232469
7.5212502
7.1630754
6.5385017
7.8340459
8.0902681
8.0777378
7.9799809
7.6377769
8.0084696
7.7514753
7.4457097
8.3793669
6.4028497
8.0115623
8.3293562
7.7061067
8.1981926
7.9125147
7.9159412
7.6086845
4.7806978
7.3460507
7.6629968
8.4304094
7.2443166
7.4868236
7.7018785
7.5161614
7.1157851
8.0669918
8.3293562
7.8215427
7.6819062
7.6976323
8.3233051
7.9329453
5.6743965
7.9418292
7.4255071
7.7159038
6.5739422
8.0320959
7.7568374
8.6416206
7.9789109
7.9821177
7.9853144
7.2032194
8.3026066
5.8950915
8.3929043
7.9148002
3.8672872
7.5041852
7.8401656
7.334003
7.6331882
8.9875956
8.2590704
6.144454
7.6102648
8.0330906
7.934021
7.5246286
7.7935867
8.0502253
7.7352147
7.2879882
6.9417944
7.7488375
6.5786433
7.9670634
7.6422243
8.0053253
8.7862654
4.2440209
6.156714
6.1433806
4.3290873
8.903306
7.9827805
5.3026829
7.2597318
7.9906192
8.4345045
8.2550163
6.9202394
7.71451
8.39855
8.3218012
7.0957379
8.3072433
8.2024822
7.5229411
7.7554994
7.7780023
8.2987261
8.183485
3.9305995
7.2964134
7.3560405
7.9703083
7.8426223
8.1596251
8.1176481
8.5090351
8.3914881
8.0561495
7.7299824
6.3921266
8.1947641
7.7433782
7.6601439
8.1551647
7.6600556
7.6688533
7.5313849
6.6242313
6.7345915
8.1488428
7.6630259
8.573101
7.9352741
8.3210258
8.1695137
8.1479578
6.4780297
8.4573107
7.5413513
7.533092
7.9182191
6.4769726
6.795496
8.0441847
8.2041931
7.4797935
6.2402759
7.7528186
6.458436
7.562746
7.6571054
8.5222054
6.156714
7.9713879
6.5610309
8.8274498
8.0198183
7.0926776
0
7.8928723
7.8215427
7.0534778
8.0883312
6.4085288
7.7975478
8.3786926
7.7103171
8.2169323
7.5139275
7.9418292
8.171176
7.6026511
8.8255968
7.7871227
7.4868236
8.1443167
7.6287913
8.1260004
6.96838
7.6977172
8.5058794
7.9572649
8.4854574
7.3278217
6.8920069
7.0203023
8.0472097
8.2152433
7.6468015
8.3605394
8.1083031
7.6541471
7.6990495
7.7311082
7.8102007
7.8114672
7.7675023
8.2452364
8.0218716
5.2046933
3.7954891
8.3087845
7.2421269
7.0059023
7.5691538
5.5495625
8.1702919
8.0511818
7.9010072
7.7871485
7.5962353
8.1551466
9.1560822
6.3769393
8.4159908
7.8656678
8.588932
7.8998489
8.50208
8.0940733
7.5883236
7.9937887
8.1324492
7.0610662
7.9067774
8.0011454
7.9561701
8.7586679
8.3907795
7.9518013
8.330864
8.0815907
5.0771251
8.9449167
8.0679722
7.2488151
7.8644681
7.6848125
7.304852
8.3057003
8.4918756
7.6990495
7.8426223
5.7958679
6.7494922
8.108285
8.6650743
7.2964978
6.9239364
7.7062473
8.4297276
8.1388569
7.8450732
7.7420764
7.7103171
7.6118116
7.6437225
8.1694069
7.2793188
7.9778609
8.1878204
8.1720762
7.8963666
6.947937
8.1938839
7.8227954
7.7201567
7.8328323
7.2706609
4.2440209
8.1260004
7.994843
6.879806
7.7514753
7.2575755
7.6804643
7.06112
8.2262392
7.6225724
7.4835258
7.588387
7.5027037
7.6148672
7.8327827
7.8051944
7.5528932
7.2773771
7.467371
8.5813408
5.9525938
7.6055789
7.9916768
6.8401456
4.930419
6.3439903
8.7000351
8.50208
7.6847839
7.1608458
8.6645346
8.5485706
8.767952
8.7062626
8.2328386
6.1246834
8.1956091
6.8951764
8.2735281
7.9079275
7.2900796
7.7910061
7.9102697
4.4419155
7.6674509
8.1045904
8.1587305
7.9874396
8.2278595
4.2870288
8.2798872
8.369997
8.4439507
7.8998489
8.2751217
7.495542
7.5380292
7.7406645
7.4868937
8.4097471
8.0167303
6.7604871
7.6585817
7.0693426
7.3620105
0
8.2076063
7.6571054
6.0597072
8.1694069
8.2386522
7.5739808
7.7228436
8.2542038
7.5885134
6.1650238
7.6947913
8.5546093
7.7283607
7.9681463
8.1773405
7.7018785
8.0471897
8.1007299
8.1045151
7.5851541
5.7345543
8.4459658
7.5007367
9.0696402
7.9789109
8.2110081
7.5755849
7.3380351
7.3933401
5.9121509
8.5671968
7.7702761
6.1763868
8.5406656
7.4709363
8.2582607
7.5626812
8.388649
8.4553175
5.8051348
8.040205
8.1054583
7.5578971
8.4090509
7.8450732
5.9685478
7.5161614
7.7338476
8.5008097
8.1973324
8.7145166
7.8489823
7.5330253
8.1515493
8.3172169
4.1981416
8.5683613
7.8928723
8.3879385
6.9080677
7.5178604
8.234499
7.4957156
7.1701198
8.5461454
8.4606228
7.676126
7.5179625
7.529809
5.2364421
8.546752
6.2278943
6.258266
7.337913
8.0094881
8.0892906
7.488678
7.6024637
7.6149902
6.7888308
7.7311082
7.8414192
7.7061911
7.5755849
7.2532935
8.0969315
8.1064014
8.7021151
7.1727605
6.7348146
6.6812468
7.3561201
8.1551466
8.0084486
7.5883236
8.7810183
8.3765078
6.2585053
6.5197001
8.2759171
7.7897134
8.0738316
7.0955305
7.9205599
5.5370884
7.8215427
7.8426223
8.1755829
8.0146666
8.4338112
8.2501307
