ln_avg_totpq_treat
0
7.9271698
0
7.7514753
8.1398993
6.7233815
7.5719151
6.9387693
7.7712479
6.1246834
8.2940493
8.8434296
7.1557865
7.0226135
8.2160883
7.6462855
0
6.7110448
8.1867027
7.5496092
8.1440573
8.1315308
7.7682314
5.2280483
0
3.103946
7.6698952
8.0087461
5.6296744
7.8714747
8.2122192
8.4392319
7.6071329
5.7037826
7.9920273
7.9296923
5.7727752
5.0952826
4.6821313
7.6102338
7.6673923
6.3488894
8.2760315
7.9943914
0
7.5819745
7.8823147
8.4213114
8.0511818
7.5755849
5.7037826
8.1956091
7.7772541
7.2446356
7.512754
8.3047066
7.7861958
8.0483322
8.3630428
7.5787845
0
8.0111179
0
7.4425764
7.2594175
7.9895606
8.2093086
7.6929607
7.2646303
7.5755849
6.0275898
8.0775805
7.7186856
7.2743807
7.4956112
0
7.7131143
7.5937338
6.5516925
5.4959965
8.0728569
7.4755011
7.5059047
7.9219503
8.7160444
6.8259254
7.4674425
8.8454685
7.7935867
2.7175291
7.749938
2.7175291
7.512754
7.5901303
0
8.2276049
6.2148938
0
8.0039835
8.1461296
8.2005234
8.0907965
7.2891231
7.4529824
7.9141479
8.1686487
7.2939892
4.6114006
0
7.6798458
7.5024624
0
7.6394362
7.4256983
8.6022234
7.8096571
0
3.7954891
3.9293716
8.004282
8.0345383
7.9626145
8.5028048
8.2723885
5.7037826
7.2879882
0
8.1867027
7.0841069
8.4911423
8.2868814
6.2410064
8.2877798
5.6579881
8.1188459
8.1167154
6.0222363
0
7.6564722
0
7.2131367
7.8577571
4.6122875
7.8154378
0
7.6496925
8.3634586
7.5024624
8.5028334
8.0528879
7.7910061
7.7186856
0
7.1864686
7.9271183
7.3687901
0
7.4915657
8.2389898
8.2668991
8.0506124
7.9810495
7.3460908
7.2696166
0
7.9125147
7.5112901
7.0905528
7.8038435
8.0491877
6.3105998
0
8.0709057
7.4995022
7.4875736
7.8183155
7.9284062
7.6798458
6.4179568
7.4591742
8.0528879
7.9600744
8.0483322
7.854991
7.7488375
7.7242255
7.5755849
7.4995022
7.3226991
0
8.0528879
7.8957019
0
8.0000982
6.8259254
8.1985998
7.7059059
8.4369125
8.0063677
8.5577869
6.5317101
3.7744017
7.5430083
7.4835658
7.9296923
7.6864247
9.0291786
7.5682316
8.045188
7.512754
6.7885494
7.1311274
7.5787845
8.2778473
7.4995022
7.377759
7.8494353
2.0794415
7.4632812
6.9770145
7.9167552
7.7344337
0
4.609447
0
6.9634604
8.1481981
6.6290331
7.8089323
7.9245377
7.6819062
7.8823147
8.3325834
6.8630195
7.2532048
6.9637303
7.7460847
6.0776424
8.0392036
7.8487387
7.7591267
7.9148002
6.6287026
8.0345383
7.4755011
7.8297439
4.3712544
8.0158463
6.7203927
7.5819745
4.3730578
7.5792408
7.6556273
7.7218552
8.4022636
7.5787845
0
8.1145811
6.4177532
7.9575772
5.4948235
8.2976151
7.7487836
3.103946
0
5.5249548
8.6356106
7.5792408
0
8.1398993
7.1024995
2.9768043
6.8186116
7.5645347
8.1443167
0
7.9551244
7.2837057
7.8714747
7.3338399
4.915801
0
7.0030656
7.9399223
8.0146666
6.9499936
7.7802434
0
5.5524058
3.2532773
8.4369125
7.9798279
7.5267944
6.0948586
7.4591742
7.9148002
0
7.5570998
0
7.4123111
7.8963666
9.1175985
7.6102338
7.5901303
7.5528932
0
8.0298977
7.9638081
7.4310036
7.4835658
8.0111179
7.5645347
7.4256983
7.9600744
7.832581
6.9804249
0
7.7891588
7.1482334
7.519557
0
7.5458426
7.7186856
7.5792408
7.6765399
7.5151887
8.1834669
7.3620901
7.7375541
8.3546743
7.3500342
8.2371016
7.2442274
7.3732848
4.3274384
7.8114672
8.1059971
8.3233051
7.832581
7.3090448
8.1315308
7.2391124
7.8957019
6.2701778
7.2594175
7.6864247
7.4425764
8.5612097
7.4529824
7.4299445
7.5719151
7.4995022
7.6665564
7.7297354
7.3256431
7.9322596
7.5719151
7.6225414
3.3819661
7.5363641
7.8096571
7.6864247
8.2160883
7.9600744
8.012598
6.2427788
7.5973248
7.7832241
8.0015945
7.5792408
8.4513206
6.1870899
7.3338399
7.4632812
5.7047343
7.7772541
4.4593182
8.3187418
7.7218552
7.7026854
7.6040225
0
6.2715282
6.600842
8.1188459
7.327405
7.8577571
6.6576443
7.9399223
7.4780283
8.4006596
6.770134
7.20786
6.0819335
0
7.9399223
7.7713685
6.6665931
6.1103582
0
7.6186018
8.0571404
7.0289612
6.2576675
6.0275898
7.9650493
7.7568374
7.9036489
7.8714747
7.9789109
4.9678273
7.4591742
0
5.572629
8.0951633
7.749938
7.5828838
8.1378555
7.1753941
7.1704493
4.8620248
7.8067546
0
7.5496092
7.8487387
7.4425764
0
7.7155061
7.9261513
7.4755821
6.1569791
7.3816576
7.5755849
7.6665564
7.6790204
2.5933874
8.347929
8.1145811
7.7892179
7.615087
7.2891231
7.7159038
7.9919786
7.9036489
7.8605156
2.0794415
0
7.4885731
8.4062614
6.9923263
6.7367973
5.7050319
7.6080198
7.2442274
7.4425764
5.1059456
5.0139632
0
0
9.555954
7.8796158
3.7776749
7.8850069
7.6115599
7.9594507
7.7406645
7.6463537
7.9650493
7.8154378
7.5306334
7.3620105
7.5626812
8.4579735
7.9507227
8.1827192
6.4771919
8.5257282
7.8577571
5.9375362
8.1886892
6.2707181
7.3687901
7.8577571
7.6962128
7.1702294
2.7175291
0
7.749938
5.2280483
7.9625649
7.6496925
8.2632217
7.5755849
7.6831403
7.4565988
7.5755849
7.8240461
7.9449987
0
6.4887705
5.2280483
7.0602312
7.7727528
7.8438487
5.1865873
7.8940382
0
7.8038435
8.0731354
7.6585817
8.064187
7.7806163
3.103946
8.0959797
7.5726314
7.7621708
7.5792408
7.7155061
8.0187902
7.4835658
8.3779316
7.4795418
7.6496925
8.2483797
8.2024822
8.1294279
6.5334253
6.0621228
6.3981194
0
4.457664
7.2694178
3.2532773
7.709116
8.1533499
6.5248466
7.6462855
7.9284062
0
7.5901303
7.1251683
7.8154378
7.3998346
7.8297439
7.7026854
7.1646099
7.7652054
8.5646219
8.3764935
7.2895131
7.7591267
7.5263138
8.2444
8.2237806
7.6009026
7.6186018
7.7352147
7.4171515
7.8775868
5.9741731
7.3659711
7.7487836
7.7406645
8.0973396
6.8639526
7.6080909
8.1787186
7.9500489
7.4341731
7.3036509
8.1946239
7.5344572
7.7832241
7.1457872
7.8957019
8.1481981
8.0959797
7.5420618
7.7621708
8.1370306
0
7.7103171
5.91851
8.1584749
7.4780283
7.8752141
7.6877108
7.4198303
8.0368509
7.4815559
7.8930387
7.5229411
6.9364815
6.3873
7.4632812
7.9296923
0
7.7406645
7.2991214
7.5570998
6.1867962
6.5428319
8.0039835
7.2838774
4.7461739
6.2838674
7.4299445
7.3597403
7.1107984
7.6665564
7.9261513
2.7175291
0
7.5463142
8.0551577
7.6071329
7.8165178
7.9261513
8.1787186
7.6632066
7.9550743
0
7.676126
6.8336473
4.0604429
7.1647205
6.9703274
8.2521114
7.3822131
5.2257466
7.4383836
6.8339548
8.075449
7.6530881
7.8315182
0
7.6221046
0
0
7.9789109
0
6.6110806
5.7061605
7.6073194
7.7621708
7.3733745
7.9089122
7.5973248
7.9789109
8.2141562
7.3507915
7.9798279
7.5914831
8.522891
7.9424639
7.8741961
4.4609699
7.8339963
7.0476413
8.0298977
4.2786484
7.3822131
7.4301143
7.4128504
7.9798279
7.6564722
7.7297354
0
7.8183155
5.2242093
0
7.9284062
7.9991989
6.7456775
7.6665564
8.5481377
0
8.171176
4.9281592
7.4529824
0
7.8660102
4.9648409
7.7648268
7.100749
6.7947464
0
7.5528932
7.9699998
6.6366024
6.7599802
8.3647079
7.9550743
7.5024624
7.8038435
7.854991
8.0345383
7.8125515
7.8893657
7.3460102
7.7379432
7.3778372
7.7727528
8.0669918
6.418365
5.7861304
7.6115599
7.6225414
6.9292374
6.4439039
7.4531999
7.7682314
6.9565454
4.730701
8.1419802
7.495542
7.9216266
0
6.7711172
6.8416157
0
7.6933675
7.9125147
7.2544808
7.7214594
7.7313042
8.0591183
7.8154378
8.1965942
4.1721869
7.1478963
7.3597403
7.6876535
0
0
7.9699998
0
7.8728361
7.5073762
7.7218552
7.8438487
7.7621708
7.8297439
6.4769726
8.837204
8.2328386
6.3662558
4.8631291
7.5646091
7.6646399
8.1973324
7.5608244
7.7682314
7.8038435
5.0960484
7.8438487
7.7652054
7.4214339
7.5973248
7.5828838
0
7.832581
8.4392319
0
8.0797949
7.20786
7.6428666
7.4509096
7.7621708
7.8389344
7.5682316
6.3976436
6.9429846
7.7437654
8.2378101
3.3770998
7.8823147
7.8940382
7.5946326
7.20786
7.7406645
5.3020601
7.1194043
0
8.1441402
5.7058635
7.8240461
7.832581
8.0574684
2.5933874
7.6864247
7.9895606
0
7.6407242
0
6.2994089
7.5570998
7.5420618
6.1870899
2.7175291
7.8704524
7.9296923
5.419982
7.2131367
8.2877798
7.4714446
8.0039835
7.8114672
9.0896406
7.20786
7.8067546
7.5883236
6.4777412
7.9594507
0
7.5496092
6.7452364
5.4343457
7.495542
7.7250147
7.6566076
8.1921549
7.6080198
6.996943
7.4744887
0
7.20786
5.3333225
8.3746414
0
0
8.1926498
7.4383836
6.5206213
7.7059059
7.9937887
7.8522167
7.7935867
0
8.5700569
7.8487873
7.5865135
7.7186856
0
7.9010072
5.4355917
0
7.3620105
0
8.9111643
7.6556273
5.5249548
7.9396043
7.4509926
7.4591742
7.756073
6.0938921
7.5430083
6.8304691
7.9659796
7.9010072
6.8492179
0
7.6703119
7.369916
5.8175364
7.9462638
7.8364687
7.6962128
8.2041931
8.303381
8.2687321
0
6.7205648
7.1255131
9.3108711
7.4835658
7.8466458
7.5755849
7.6115599
7.9397826
7.5229411
7.5792408
7.7460847
5.4722705
5.473845
8.2832775
6.2849336
7.4755011
8.0270681
5.4039636
7.9625649
0
8.0551577
7.7103171
7.0720582
4.7449322
7.5162973
7.8704524
4.6821313
8.2668991
7.5682316
8.5808382
4.2786484
7.4637933
6.5306692
6.4769726
0
7.7979956
7.7884188
7.7802434
8.0825567
4.9648409
5.3686428
7.3320889
7.3644567
7.7743154
8.9777937
7.5682316
7.1986508
0
7.0224862
6.7030129
7.4299445
7.5608244
7.8632669
7.7858248
6.6691809
7.7131143
2.7175291
7.7742553
5.4033208
0
5.0163336
8.0111179
7.4875736
0
7.2891231
6.2704482
7.4085307
7.5594292
6.8025336
0
7.5113683
7.1538339
7.3256431
6.6108885
7.7103171
7.4467516
7.7652054
7.2744794
7.8154378
6.4213901
7.2185955
5.0616903
8.4228821
7.9141479
6.3221164
5.7058635
7.8632669
7.1973286
8.711937
7.4990082
8.1357231
8.0979204
7.2391124
7.8986897
7.6290731
6.7947464
0
8.0182018
7.709116
7.7281642
7.8354096
0
7.0799212
7.756073
5.5518517
8.3529921
7.887691
7.5851541
6.6673203
7.5659227
7.7514753
0
4.8631291
8.9015026
7.6430035
4.3241324
7.3896413
8.0973396
7.756073
6.0938921
7.455133
7.3506079
7.756073
8.2940493
8.0786886
4.0604429
7.9216266
5.9101191
7.9638081
7.9089122
7.20786
7.9822702
7.3006415
7.6994543
0
2.0794415
7.709116
7.749938
7.8438487
8.0228968
8.004282
0
7.0259829
8.0775805
7.9296923
7.8752141
6.3365726
8.2460403
0
7.4425764
5.0156226
7.9968462
7.4915657
0
0
4.9628448
7.3215194
7.996798
8.1038399
7.7652054
7.9220018
7.6226029
6.4879017
7.5755849
7.0781007
0
7.8846707
6.823422
7.2594175
6.2526259
6.3099184
0
7.6407242
7.2842326
7.5396919
8.0411711
8.0437555
7.7727528
7.952879
7.6831403
7.0690236
6.9684978
8.0844851
8.0902491
8.1605186
0
7.9033194
7.7773137
7.9500489
7.6009026
8.1016779
8.0039835
5.0952826
0
8.1378136
7.6186018
7.7595077
8.0842104
7.8903685
7.9525647
7.5059047
6.0621228
7.1701198
7.0900769
0
8.4628878
7.8268991
7.9148002
8.1990519
7.8067546
8.1333675
0
7.4128504
6.9289575
7.8940382
7.5792408
7.3738451
6.3365726
6.922081
6.2285109
8.299428
7.6994543
7.6325393
7.8154378
7.4716072
6.0621228
8.0039835
0
0
8.1148481
7.8728361
5.7512112
8.3796043
6.9083266
7.5561666
8.5285568
6.9858732
7.952879
7.7059059
7.8067546
7.7591267
4.9168477
8.0187902
5.9558372
7.996798
7.5901303
7.8126674
7.552959
7.8240461
7.0661011
7.7242255
6.8888273
8.0111179
7.5570998
7.9798279
7.9322596
0
0
7.0414119
7.5973248
8.9416437
7.887691
7.9089122
5.6564913
8.1357231
8.1533499
7.9348207
8.0111179
7.5306334
5.8991141
7.5865135
8.0368509
0
7.519557
7.8183155
0
0
0
7.5792408
7.4885731
6.5514884
7.6990495
8.0158463
7.6255951
7.7884188
7.6221046
8.0483322
7.1022639
7.4875736
7.6428666
7.5755849
8.3152866
7.0963664
7.6831403
0
7.8063912
4.6138821
7.569283
7.8240461
7.8354096
7.3551846
7.7250147
7.9115334
6.9387693
8.0322208
7.5792408
7.2624531
7.6994543
7.832581
8.0015945
7.2939892
7.100852
7.5719151
7.4591742
7.6833377
0
7.5819745
7.712316
7.8038435
7.9847059
8.0619373
6.9497194
7.6428666
7.4875736
4.882802
7.8038435
6.4885535
7.7313042
7.9115334
5.6796851
7.6765399
7.2352591
8.4118328
8.2613792
3.3770998
2.7175291
4.8352895
1.9636097
7.9193563
7.6080198
7.1918597
4.6138821
7.7281642
7.4605622
6.7789474
0
4.915801
7.8240461
7.6348205
5.5524058
7.8957019
7.7621708
8.6581964
7.4915657
7.5938058
4.8631291
0
7.5364308
6.2436118
7.9193563
8.1747026
7.7437654
7.7075124
8.3308935
8.0371389
5.6036987
7.6255951
6.7888308
0
7.5865135
7.3620105
8.1336298
7.3090448
7.9551182
3.7776749
8.1502619
7.7858768
6.0945368
7.9125147
4.1470952
3.6474061
7.7727528
4.6821313
7.8125515
7.6080198
7.6564722
5.7969255
8.1551466
7.8067546
7.8139958
6.2712584
0
0
7.974926
8.2024822
6.6491694
7.1972213
8.0252361
6.770298
7.130899
3.2532773
7.8704524
7.9874396
7.6564722
6.2151794
8.190424
7.1701198
0
7.2988315
4.6126423
3.7776749
6.8761358
8.064187
7.6290731
7.2836199
6.1265574
8.0345383
7.8605156
7.0784621
7.8957019
7.737998
0
8.0322208
7.7514753
7.9036489
7.5719151
7.4591742
8.1926498
8.1782179
7.8389344
7.6225414
6.661375
5.7062793
7.0087314
7.6429353
4.8352895
7.7344337
6.2296376
4.3274384
7.4709363
7.6194787
7.7186856
7.4995022
7.7591267
7.4995022
3.3819661
7.9056258
7.6437225
7.1057863
7.4714446
0
7.6394362
2.7175291
6.8028708
0
7.6428666
7.854991
7.5363641
7.3256431
7.7979956
8.2465086
4.8333011
7.8494353
8.0978823
6.4778509
8.012598
8.1388569
5.8234158
8.1111031
7.8903685
0
7.8632669
7.8089833
7.6876535
8.099782
7.0162253
0
7.7214594
6.8262353
8.1336298
7.4744887
0
7.1704493
7.0720582
7.8487387
7.9373746
7.8165178
8.0345383
4.5432949
7.3006415
7.673223
7.7155061
8.0797949
7.9525647
7.4009261
4.4593182
4.8063602
7.7568374
8.5383959
7.4128504
7.9010072
7.5626812
7.467371
8.2228556
2.7175291
7.4714446
7.832581
7.7891588
7.8893657
7.7155061
8.2521114
6.0390635
6.9569025
7.3971019
0
0
7.5024624
8.2687321
7.7218552
7.8240461
0
5.5219607
7.5382667
7.5344572
7.7568374
0
0
0
7.673223
6.6936774
7.4214339
7.9937887
8.0021925
6.8700533
0
7.0848551
5.2351112
7.1604576
7.495542
7.7433782
7.1055808
8.1059971
7.9600744
4.2806263
5.2280483
8.6729755
6.9077554
0
7.832581
7.3339214
8.7910299
7.34197
7.377759
2.0794415
8.2778473
8.4201317
7.0160971
7.6962128
7.8067546
7.6665564
7.7155061
6.3360667
8.0886059
7.6698952
7.9115334
0
7.8154378
5.0164518
7.6496925
4.730701
7.8917046
7.6080198
7.7487836
7.4714446
8.2044764
7.8038435
7.0900769
7.8154378
7.8009238
0
7.4085307
5.6185875
4.0430512
7.0903149
7.3551846
7.1647205
7.6765399
7.7344337
6.9803085
7.9424639
0
7.9216266
7.7832241
6.5510802
7.4299445
6.2013779
8.669301
8.5313778
8.1204405
5.3713021
0
7.7682314
4.8837485
8.598773
7.1365967
7.8139958
8.4598665
8.0063677
7.9351401
7.9895606
8.3779316
7.5382667
7.7437654
7.8438487
7.4850707
0
8.0182018
7.4509096
3.103946
0
7.9675279
8.6350431
5.6801724
7.7027497
8.0528879
0
8.0528879
0
7.6044674
7.7674756
8.1073437
7.7961607
8.1352005
7.5828838
7.8240461
7.7026854
7.7891588
2.7175291
6.6665931
7.5901303
8.0298977
7.8577571
7.9462638
7.9115334
7.5659227
7.6346998
0
8.0275698
7.9125147
6.5106835
0
8.2613792
7.5464463
7.8190336
7.9238915
7.2400222
8.0015945
3.5953534
7.5901303
8.0551577
7.5229411
0
6.1557674
6.935926
7.5792408
6.669498
7.2493167
5.0139632
0
5.753026
8.1965942
7.9675279
6.9862199
8.4150019
4.4815893
7.2132421
7.5570998
4.3257871
7.495542
7.4877338
6.9684978
8.3204832
7.6498966
7.9462638
7.635994
4.915801
7.8850069
7.4421997
0
7.2238164
6.922081
8.0392036
5.3333225
7.5937338
7.4990082
5.2997451
8.7707272
4.7843618
5.859972
8.3217859
7.6325393
8.0063677
8.2760315
7.5073762
8.0753603
7.8114672
7.972466
7.8940382
7.5883236
0
0
7.9895606
8.3861074
7.8190336
8.0391569
6.9386482
7.4875736
8.0591183
7.5723743
7.6428666
7.5036044
8.2160883
5.5770307
7.6962128
7.4299445
6.1100807
7.6290731
7.7742553
6.8496718
7.6346998
7.4632812
8.2005625
7.9271183
7.2594175
7.4716072
7.5073762
7.7344337
7.9148002
7.9979992
6.6366024
7.5570998
7.749938
8.8045177
8.5509043
8.5171928
7.6255951
0
0
8.0551577
7.7891588
7.7218552
8.6851501
6.3605618
7.7437654
5.9920893
7.7437654
7.0782213
6.720048
7.9979992
0
8.3080139
7.385541
8.004282
8.0275698
7.3085427
8.6507244
4.8631291
7.8125515
7.495542
7.9036489
7.8067546
8.0907965
7.6864247
6.2430568
7.5570998
5.2288141
0
8.2237806
8.2005234
8.5246649
6.3337235
7.1755991
6.9204245
7.5719151
7.0365882
7.495542
7.7682314
9.047821
6.1633148
7.9874396
6.7884088
6.5718827
7.974926
7.4383836
0
7.8096571
8.0886059
7.8012891
6.3974056
0
7.3173785
8.1145811
5.2046933
7.2494183
7.7433782
7.7595077
8.8887568
6.9151564
5.473845
7.9853144
7.1019115
5.6816344
7.5059047
8.1222973
7.9525647
7.7437654
7.0163531
7.3998346
7.996798
7.4552159
7.3276868
0
8.3664284
8.0689507
7.9959383
5.106811
7.4780283
7.7530103
7.7950587
7.9810495
6.5204105
7.4632812
6.06179
7.4256983
7.5938058
7.5792408
8.2521114
8.4912014
8.2521114
9.2015514
7.0903149
0
0
7.6133251
8.2539711
7.6186018
7.9979992
8.0940733
7.5528932
0
7.0841069
7.467371
7.7568374
7.3642755
7.4603462
0
7.8240461
6.9505754
7.4384675
6.6450911
7.221653
9.1097307
8.1938839
6.8499937
7.3687901
5.5501871
0
6.8161879
7.7218552
6.4556475
7.8681107
4.9668326
8.5214701
7.509335
7.5190725
5.5512972
7.5645347
6.4993572
7.5819745
8.3844776
7.8154378
7.5792408
0
7.5496092
7.9399223
7.4815559
7.0853782
6.9201779
7.7921128
8.3877354
6.5408239
7.6798458
8.4338112
7.9193563
6.8951764
7.6632066
7.6407242
7.8354096
7.5792408
7.385541
7.5094037
7.4550505
7.5496092
6.3859167
7.5755849
7.832581
7.6962128
7.5851541
7.1208487
7.7155061
7.495542
7.7214594
2.0794415
7.4797835
7.7250147
7.4990082
5.9289241
7.455133
7.3320889
7.6221046
9.1964951
8.5646219
8.1946239
8.0574226
8.4995384
7.4637933
0
7.4835658
7.7891588
7.111104
7.2988315
7.8212419
5.3020601
0
0
7.6703119
5.9932485
7.6291428
8.1502619
7.8893657
8.3647079
7.5344572
7.5306334
7.6963425
7.3910627
7.5073762
7.9874396
0
8.6254072
0
5.9616494
0
4.4609699
6.4889879
7.5112901
8.0111179
7.8742499
7.5458426
6.9077554
5.6549921
7.9089122
7.5792408
8.0039835
7.5458426
8.0630627
7.8067546
7.5533614
5.4954104
5.5239577
7.7910061
7.1478963
7.4795418
0
8.0842104
0
7.254683
7.5946326
7.6225414
8.2558289
7.4709363
3.3819661
7.5865135
7.0255384
7.9475269
7.3866477
6.1379972
7.7406645
7.4042792
5.4349689
6.5204105
8.112442
7.709116
8.1357231
7.9767671
7.5073762
7.8183155
6.5414424
7.9089122
7.8326378
7.9874396
7.8339963
7.7591267
7.8215427
7.8824091
7.9296923
7.6962128
7.6864247
7.9773798
7.6437225
4.3290873
7.7652054
7.7772541
7.7802434
7.4128504
7.798728
7.2290101
3.0975149
7.4128504
7.8930387
7.304852
0
7.6407242
7.1358862
7.5787845
6.0786247
3.9233868
0
8.344327
7.8986897
7.8823147
8.4415455
6.1420374
7.6394362
8.0506124
8.0039835
6.2579412
7.5267944
8.2832775
0
0
7.9193563
7.9296923
7.4457097
7.7950587
7.9789109
0
7.6325393
7.5719151
7.709116
7.4467516
7.9167552
5.0616903
7.8413944
7.8354096
7.6071949
8.4260483
7.8125515
7.6164064
7.6765399
6.8230143
7.4420533
7.6531558
7.6222444
6.7235317
0
8.2922621
6.7867169
7.7979956
7.495542
6.2293558
7.8265429
7.7802434
7.7186856
7.3228879
7.9919786
7.3135538
7.4755821
7.3732848
6.9805408
7.8438487
7.8752141
0
0
7.8265429
6.1369166
3.6474061
7.7950587
8.066432
7.4160776
7.9625649
6.7458243
6.8790617
0
3.103946
5.8595643
4.0604429
8.1167154
5.09375
7.2646303
5.1441665
7.9373746
6.0279341
5.1676393
7.6896982
6.4072924
8.154377
7.8986897
8.9260025
0
7.7155061
7.6598449
7.2263908
0
8.3204832
6.7161407
7.9271183
7.8038435
6.9700594
6.2157502
6.6487994
6.3491392
0
7.8462968
6.2272773
7.6133251
5.2242093
8.2639122
8.1357231
7.9322596
6.6853929
7.2988315
7.8154378
8.1726885
7.6526642
6.9151564
8.8897419
7.7281642
7.6428666
7.5691538
7.2132421
9.0561895
0
7.6221046
7.8605156
7.8462968
7.9010072
7.4637933
2.7175291
7.5792408
8.1564693
7.6564722
0
8.4969902
7.4591742
7.8240461
8.1038399
8.6260471
7.8877449
6.496398
8.9600458
8.1209707
6.4558721
7.5792408
4.1765828
4.2806263
7.7648268
2.7175291
7.7075124
7.4509096
7.7214594
7.2594175
0
6.3491392
5.773664
7.5792408
4.0604429
7.7891588
7.7026854
7.3551846
2.7175291
8.0864105
6.9770145
4.5499215
6.6535082
7.712316
8.3893595
7.1750116
7.3998346
7.34197
7.9296923
7.5787845
8.3222208
5.9925356
5.9562073
7.6009026
7.3006415
7.9616318
8.1398993
7.5828838
7.6665564
7.467371
7.8190336
6.8025537
7.4990082
8.0591183
5.2288141
8.0252361
4.1765828
7.6847839
7.9102235
7.4744887
7.7186856
8.4430847
7.7281642
6.5098329
8.5619211
0
6.6395025
0
8.3861074
7.5719151
6.07797
7.9650493
7.7652054
7.5691538
8.0753603
7.3179708
5.7749953
7.7753806
7.7591267
7.7281642
7.6864247
7.6847839
7.9089122
0
6.8860936
7.615087
7.8741961
7.9036489
7.9167552
7.8741961
8.1852112
8.3865147
7.9525647
7.6080198
8.0039835
7.7406645
2.7175291
7.7282901
7.8632669
7.9895606
7.9322596
7.0904341
8.1204405
7.7648268
7.130899
5.4656463
4.0579767
7.327405
7.1213536
7.3552761
7.5306334
7.7092443
6.3445392
7.9238915
7.3420506
7.3867364
7.7026854
6.6935005
7.4160776
7.9650493
7.6831403
7.7155061
7.5229411
0
7.4714446
4.8028493
6.9151564
7.7406645
7.5570998
7.7375541
7.8687463
7.8114672
7.8063912
7.7352147
7.8297439
8.2141562
7.5719151
7.2262092
3.3819661
7.8775868
3.7776749
8.1886892
0
8.1666222
7.1755991
2.7175291
7.709116
0
0
6.8940911
0
6.2715282
7.7406645
8.176713
7.6009026
0
7.5026002
7.5496092
7.2183862
8.0039835
7.7652054
8.5754623
5.4349689
7.7652054
7.1077766
7.8089323
8.2160883
5.9173565
7.2575316
7.2442274
7.4128504
8.0111179
7.8687463
7.7155061
8.4400034
7.4457097
6.5812335
8.5835161
5.1697736
7.5978351
8.3844776
7.9575772
7.712316
0
7.8903685
7.8114672
6.2712584
7.7591267
7.7352147
7.868063
7.4214339
0
7.0143652
7.20786
7.8038435
8.1230917
7.8605156
7.8466458
7.2939892
7.9424639
7.4470019
7.756073
7.9699998
7.8240461
4.456007
7.7979956
7.1426015
6.1870899
7.7753806
6.8025537
7.0143652
7.4509096
7.5528932
8.2102795
7.8536048
7.7621708
8.0574226
7.9943914
0
7.7921128
7.5787845
7.6698952
2.7175291
7.2442274
0
7.7468562
8.3663702
7.6896982
6.7085419
7.8870206
7.1592917
6.9567833
5.6058021
7.854991
8.1060839
0
7.8903685
2.7175291
7.6765399
7.5946326
7.8487387
6.6669569
6.3238468
7.2743807
7.2131367
0
7.1480088
7.5682316
7.9141479
8.176713
7.9238915
5.4948235
8.2256947
7.5901303
7.6194787
7.4709363
5.4472761
7.5363641
7.6009026
6.7002697
5.0616903
7.9638081
8.3445387
7.7832241
7.4591742
0
5.1491542
8.9169273
0
0
7.9102235
8.3217859
0
7.4795418
7.1196356
8.1230917
7.9373746
0
8.1645918
0
6.6673203
7.0226135
8.0021925
4.7843618
7.4915657
7.8354096
5.1690626
5.4349689
0
7.854991
0
8.4539871
8.0111179
7.8165178
8.1564283
7.5430083
7.7701178
7.4714446
7.7530103
0
3.6474061
0
7.385541
6.7117405
7.2531166
0
6.5510802
5.493649
7.8522167
7.9284062
7.0415368
7.4128504
6.7625642
8.6381454
6.9293771
8.2446346
7.5755849
8.1584749
7.5421376
0
8.0842104
7.6394362
7.7652054
7.3215194
8.1296911
7.4755011
8.4244509
0
8.1081505
4.6122875
7.00352
7.4085307
7.3133869
7.9089122
6.6851473
8.0015945
6.0237503
8.1188459
7.2694178
7.7861958
7.0223589
5.7749953
7.7780023
7.9853144
7.9167552
7.6632066
6.8790617
7.5719151
7.7950587
8.1569405
7.9216266
8.2796612
8.3099937
8.1278477
7.5719151
7.3370299
8.0940733
6.4181609
7.1810489
8.619298
5.9921784
7.9193563
7.7059059
7.9681463
6.7197032
0
7.9062839
7.7281642
7.6186018
7.3779373
6.6928587
8.2237806
