ln_avg_totpq_contr
7.4915657
8.0275698
6.612545
0
8.0111179
7.1461816
7.5263138
8.6229162
7.3320889
5.0139632
7.3036509
7.5693474
5.6564913
0
5.6322355
7.8632669
8.10357
7.4425764
8.0959797
7.7379432
8.3117495
7.1536102
7.5682316
7.5865135
7.615087
7.7059059
7.336751
7.8605156
6.7282867
7.5306334
7.2576194
7.5570998
7.6876535
7.6632066
0
7.8038435
7.7568374
5.1474943
7.5459938
0
8.0021925
6.9625983
5.6185875
8.0000982
7.4198303
7.4171515
7.9062839
8.893671
0
7.8467016
4.6137052
8.10357
4.2766662
8.6557121
7.4469185
8.0111179
7.4214339
0
8.2160883
7.9675279
0
7.7780023
7.3381567
7.6429353
8.2394619
8.4685278
7.4637933
7.7468562
7.4995022
7.7345591
7.9600744
7.2793188
0
8.3047066
7.2131367
7.7832241
7.8183155
7.6632066
7.3173785
7.9895606
7.4347005
7.5973248
8.4867344
7.0477657
7.4214339
8.0483322
7.3732848
7.4915657
9.0240107
9.3287582
7.4467516
7.7935867
7.7530103
5.8979383
6.2971091
6.7620687
7.9219503
0
0
8.162302
7.7621708
3.5992672
7.4591742
0
8.0087461
9.0453138
7.8741961
6.818768
6.4558721
6.7745094
7.9219503
5.3011703
8.3795719
7.5151887
6.7814832
7.9348207
7.5792408
7.7344337
7.4550505
3.6474061
0
7.9699998
8.1827192
7.676126
0
8.1686487
6.7198753
7.2842326
7.5096092
6.9077554
7.8154378
6.7601252
7.6009026
8.0619373
7.5344572
7.7026854
7.4420533
7.7313042
0
7.2340741
6.0678468
7.8917046
8.1388569
7.5792408
5.8223062
0
7.7218552
5.7037826
6.5720825
6.3974056
8.0039835
0
8.1645918
7.9847059
7.709116
7.868063
7.6071329
6.1572814
7.5382667
0
7.8632669
7.5151887
7.2342801
0
8.0391569
7.7214594
7.7621708
0
6.5096202
7.6151576
0
7.8704524
8.661912
8.1222973
7.0147018
7.9170809
7.0288343
7.6115599
6.2280178
7.4550505
6.3326135
7.9822702
7.7753806
8.0631027
0
7.6009026
0
7.6526642
5.3303003
8.3647079
8.330864
5.0163336
7.8796158
4.3290873
8.045188
7.6290731
7.5528932
7.6531558
7.6876535
8.0205526
0
7.130899
8.013485
7.3866477
7.2447376
7.8850069
0
7.8240461
7.7155061
7.9033194
7.7468562
5.8597174
8.0979204
8.2295113
7.2543797
7.5937338
0
7.5496092
0
6.8023949
6.6675019
7.427516
7.8354664
7.4795418
5.3018823
7.3297496
5.5524058
7.4782405
7.1847239
6.7865558
6.9501305
6.9080052
7.6905146
8.176713
7.7186856
0
7.952879
7.7591267
8.0111179
6.1103582
7.6009026
7.7026854
6.2701778
8.0596828
7.8382306
7.9462638
7.4995022
2.7175291
7.6831403
8.4763708
7.8268991
8.0391569
7.8632669
7.9847546
0
6.4670329
5.433722
0
0
7.495542
7.749938
6.6574607
0
6.432251
3.3819661
6.5063443
0
6.7153835
6.6283722
7.4085307
8.1398993
0
7.9148002
0
7.749938
7.5691538
7.7858248
7.6346998
7.5719151
0
7.5345335
5.1042123
8.0775805
4.3730578
7.0900769
7.5229411
7.2443295
7.7487836
8.0995541
6.6369305
8.4307013
7.4602027
6.4889879
7.4383836
7.337913
8.1956091
3.103946
8.1569405
5.6317239
7.4009261
6.1865025
6.6299291
0
8.347929
8.5481377
0
7.749938
7.3894095
7.5792408
6.878768
7.9550743
7.9271183
7.404192
7.8126097
7.0475173
7.7155061
6.7742238
3.2484345
8.0228968
7.467371
7.4123111
7.0226135
5.4355917
7.9991989
6.5206213
7.4591742
7.9475269
7.3732848
7.7468562
6.0240526
7.3894868
8.4324522
0
8.2814713
7.4780283
7.5498347
7.8796158
5.0960484
2.0794415
7.6428666
0
7.6221046
7.7802434
7.8190336
7.8067546
6.2010884
8.1515856
7.4299445
6.3662558
7.6933675
7.5792408
7.8462968
7.5306334
7.3460102
7.26443
0
7.887691
7.4875736
5.0616903
5.7037826
8.4984474
7.709116
6.0535588
2.5933874
6.8109298
0
6.355022
7.8605156
7.2493167
7.8067546
8.0158463
6.4097047
8.6136389
7.4383836
4.9290638
6.6297407
7.7250147
6.2968459
7.1594028
7.5533614
7.6325393
7.887691
6.9835253
7.6377163
0
7.6565399
7.1590695
8.1378136
0
7.8903685
8.0087461
5.6816344
7.6598449
8.6851501
7.4529824
7.9798279
7.5570998
8.2606869
6.8236942
4.8323059
7.467371
7.6698952
7.5938058
4.0604429
5.9925356
0
8.1294279
8.0310602
6.2878585
8.2276049
7.4875736
7.7468562
8.2444
7.5792408
6.922081
7.3501148
7.8608599
6.7452364
8.064187
6.8713875
8.0158463
0
8.3152523
7.9991989
7.467371
7.5382667
7.8067546
7.6462855
8.2909193
7.2706609
7.9895606
7.4215193
7.5883236
0
8.0571404
3.3819661
7.4875736
5.3713021
8.2314138
7.7468562
8.5285568
7.5152669
4.7436891
7.9271183
6.7457404
7.377759
7.9600744
7.4995022
9.2930717
7.8799539
7.8154378
0
7.9329004
7.7891588
8.1807213
8.2868814
7.9681463
7.4995022
6.2161069
0
7.512754
0
7.8983579
9.3612204
5.6633945
5.2280483
7.6102338
7.7218552
7.1864686
7.8714747
7.3866477
8.2044764
8.3893595
7.1253982
0
6.6581945
7.7530103
7.6044674
8.5808382
7.6905146
7.3040357
0
7.7950587
7.2442274
8.0015945
8.1886892
7.8183155
7.9525647
6.3216672
7.8354096
6.8260803
8.2314138
4.3274384
7.5151887
7.2543797
4.6137052
5.5244565
7.5787845
7.2339711
6.3740511
7.7460847
3.3819661
8.0299911
8.2924862
7.9773798
7.7772541
7.712316
7.7131143
0
7.6962128
7.8986897
7.6876535
7.8608599
7.8067546
8.1296911
5.1491542
7.4995022
6.586689
4.0604429
7.9062839
0
7.7026854
7.9010072
7.7921128
7.6526642
7.0845857
7.2793188
0
6.7868781
8.1188879
7.1483459
7.7214594
7.0903149
8.0491877
8.1336298
7.7313042
8.1103411
7.4128504
7.2749991
7.8089833
7.2880735
8.1148481
7.6530881
7.1211514
7.1020288
7.6598449
7.604147
9.0240107
7.5114465
8.1817207
7.9348207
7.7218552
0
6.600842
0
8.1956091
7.336751
8.0883312
8.0368509
4.9648409
8.4244509
8.2703333
0
7.8704524
7.8846707
7.7437654
7.2921672
7.4085307
7.9322596
7.3084474
6.355022
0
4.0579767
7.0799212
7.5851541
7.7742553
7.4835658
7.8290334
7.0900769
8.0907965
8.5033474
7.5463142
6.9432602
7.3133039
7.6864247
7.5792408
7.0352688
7.5151887
7.7281642
7.7712479
5.0625949
0
0
7.9916768
7.8154378
7.6221046
8.2328386
7.9916768
7.6221046
7.8038435
7.5190725
7.5074549
5.4954104
8.1584749
6.8030295
7.9220018
7.4795418
7.8511748
7.4995022
0
6.8030295
7.5330253
8.2127037
7.8339963
7.4815559
7.676126
0
7.615087
7.2442274
7.4301143
7.9261513
7.5458426
8.7595787
7.5719151
6.4448123
6.5156384
6.9151564
7.6009026
3.7776749
6.5916739
6.2633982
7.5229411
6.1259332
7.9062839
8.2122192
7.2033124
0
7.5267944
7.6428666
7.495542
5.9285913
7.8012891
8.1398993
7.2395225
6.0948586
0
3.4696345
2.5933874
0
7.9141479
7.5396919
7.6467118
7.1481209
7.3971019
7.130899
7.1755991
8.176713
5.300458
7.5430083
6.4987125
8.1260004
7.519557
7.5865135
6.5519729
7.6462855
7.8494353
5.9600382
7.7891588
7.1646099
8.0460463
5.9616494
6.6581945
7.8067546
7.9853144
7.8632669
8.2122192
6.6767688
5.6036987
7.5059047
6.4439039
7.615087
0
5.6047511
7.6290731
0
7.5229411
7.3416691
7.7026854
7.4171515
8.112442
7.1701198
7.5792408
8.066432
7.5608244
5.6327467
8.6056843
5.433722
8.2024822
8.2059011
7.8183155
8.6729755
7.6080198
7.9625649
8.0596828
8.6974297
8.6343412
7.7281642
7.8315182
7.5792408
7.7772541
4.6137052
4.0555048
7.6080198
0
8.0105257
5.6042252
5.91851
6.878768
7.7921128
0
0
6.9141102
8.1188459
7.4128504
7.8775868
6.6850805
8.0619373
7.7591267
7.8114672
8.2483797
0
7.4995022
7.8389344
7.5792408
7.7250147
7.7313042
8.96348
5.9925356
7.6377163
7.8714747
8.0551577
7.3733745
8.0391569
8.2703333
0
0
7.377759
7.2291141
6.0275898
7.8382306
7.5626812
7.7313042
7.673223
6.2645879
7.9010072
7.8240461
7.6496925
7.3661289
7.9575772
7.8438487
7.6933675
0
0
7.9271183
7.9322596
3.591424
7.7621708
7.3179708
7.8038435
7.7297354
8.3325834
8.0951633
7.202661
6.963325
7.7297354
5.3713021
3.9293716
0
6.3221164
7.9296923
0
5.1690626
8.0039835
8.5369959
0
0
7.9937887
7.6933675
8.1787186
7.7269845
0
7.8799539
7.8114672
7.6221046
7.9033194
6.1769061
7.0900769
7.5034471
6.8231502
7.336937
7.8125515
7.1646099
6.2836008
7.7406645
0
7.9650493
3.7776749
7.5819745
5.3347869
7.8154378
8.7740479
8.1370306
7.4171515
4.2806263
7.6765399
7.5902023
7.2032194
7.5828838
7.9296923
6.2433343
0
0
7.5263138
7.6080198
6.8939462
7.7979956
7.6394362
8.0820045
7.5152669
7.6463537
8.3663702
7.369916
5.838563
7.4602027
7.7950587
7.7832241
0
5.839395
7.7214594
7.8339963
8.0298977
7.5570998
7.1422625
7.3320889
7.8339963
8.6581964
8.2590704
8.0158463
6.8644004
7.7487836
7.9193563
7.5977726
6.3738074
0
7.467371
8.2465458
0
6.8498611
0
8.012598
7.9874396
4.9126549
6.0621228
8.0205526
5.9364047
7.7379432
0
7.9895606
7.8823147
8.039278
4.9668326
5.9600382
7.3932629
7.5263138
7.4493527
7.7652054
5.8789353
6.7888308
7.879724
0
6.6486144
7.4237175
7.9056258
7.4550505
8.1315308
8.1230917
6.3365726
7.4885731
7.7059059
6.7885494
7.6290731
8.4763708
8.2177763
6.6761832
6.7749381
7.8038435
8.0940733
7.7250147
7.0721793
8.0275698
7.5112901
7.7103171
7.4214339
0
7.8265429
6.936204
7.7281642
7.7979956
7.6467118
7.6598449
2.7175291
7.615087
7.4995022
0
7.9170809
7.6698952
7.8410435
8.0437555
7.4591742
7.3092961
7.7950587
9.0710783
6.0279341
3.103946
0
8.2521114
7.4550505
7.512754
7.9010072
6.448494
8.3613749
7.8799539
7.6009026
7.5059047
10.471233
6.4771647
0
8.0414591
8.0842104
7.6665564
7.8410435
7.467371
7.5190725
7.5112901
6.2976356
7.6115599
7.9798279
0
7.2743807
7.709116
7.3894095
7.9400754
7.7186856
7.7059059
7.7802434
7.20786
7.0745401
7.4995022
7.1702156
8.1676712
6.9219398
7.9937887
7.9919786
6.487113
7.6962128
6.4443583
8.1260004
8.1625566
8.4400034
0
7.7712479
7.6665564
7.5787845
7.5073762
7.7568374
7.6864247
7.9675775
7.7682314
2.7175291
7.6467118
8.1357231
8.4132204
8.2083359
7.9798279
0
7.8413944
7.5973248
7.4995022
7.2793188
7.5112901
1.9636097
7.2391124
7.709116
8.0864105
7.5229411
7.5883236
6.4581423
7.2531166
7.9167552
7.3413911
7.7541599
4.6122875
7.6962776
7.7753806
6.2968459
7.4709363
8.9499025
7.9193563
6.2158575
7.0799212
7.5792408
7.0369177
8.0039835
7.9895606
7.1869011
7.2493167
7.6194787
0
7.756073
7.8268991
7.8823147
0
7.0226135
8.0228968
8.0167303
8.2143974
7.0226135
7.2082829
7.6255951
4.2786484
7.798728
3.5992672
8.1148481
7.9373746
7.5787845
7.495542
7.9550743
7.3735538
7.7675285
0
7.972466
7.3462868
7.5682316
0
7.9271183
7.1536102
7.5263138
6.976748
0
3.3819661
7.6632066
8.290472
7.0900769
7.4990082
7.7541599
8.0511818
7.0781007
4.0604429
7.5792408
8.2465086
7.5344572
8.5028334
7.6564722
6.5910854
7.5973248
7.704699
8.0460463
7.0782213
6.9388905
7.9141479
0
7.8114672
7.7675285
7.3689704
7.303843
7.5306334
7.756073
7.7802434
1.9636097
8.3680305
7.3643661
6.4087644
7.6102338
7.0900769
2.7175291
8.3278475
5.2384348
8.5825129
7.9822702
7.9773798
8.3360138
7.5347629
5.9928923
7.6991062
7.9348207
9.6996946
8.0106087
8.3383656
8.2493134
8.0414591
7.4995022
8.0775805
7.9937887
7.4128504
8.0371389
0
8.162302
3.9290206
0
7.9399223
5.1050792
0
7.5528932
7.7772541
8.6869364
0
7.664464
0
7.6115599
6.229919
5.1466637
5.8166857
7.6407242
7.8752141
5.7964916
0
0
7.7059059
6.4967752
7.9681463
6.0773144
7.5792408
7.5719151
7.2442274
8.0021925
8.012598
7.5682316
0
7.0900769
7.4550505
8.0864105
7.0901957
7.7131143
7.7159038
8.112442
9.604311
7.879724
0
7.8114672
7.9373746
7.7406645
8.0298977
8.1551466
7.7530103
7.5787845
6.8763938
7.1810489
7.7569442
7.8154378
7.7375541
5.5244565
7.7591267
8.0368509
8.2444324
4.8352895
8.2687321
7.8850069
0
7.4755011
8.7323046
7.5819745
0
7.1157851
8.1726885
7.9424639
7.5682316
7.6164064
8.0322208
8.2783012
5.8381467
6.1859145
4.7780724
0
6.7373056
8.0275698
7.749938
7.704699
7.8067546
7.4995022
8.4431162
8.0368509
7.7742553
4.7843618
0
8.3343
8.0886497
7.4995022
7.529675
7.9675279
7.6290731
8.0574226
7.1844397
6.9219398
0
6.5521002
7.7155061
6.9768815
7.9329004
7.7701178
6.5100455
7.6864901
6.8789148
0
6.0786247
0
8.1188459
7.6556273
7.248682
7.2493167
7.8154378
8.2606869
7.4591742
7.6929607
6.5510802
8.0902491
7.8608599
7.4214339
6.9836574
8.0995111
7.3732848
0
7.8752141
7.5128222
8.1111031
7.495542
8.0596828
7.856029
6.3233342
7.7621708
5.4626203
7.9125147
7.9219503
7.0226135
5.9745364
7.9575772
8.0269871
7.8632669
7.7742553
8.5964661
7.7218552
0
7.9500489
7.8382306
7.9650493
0
7.0476413
7.4047356
8.0298977
7.6325393
8.1059971
6.0240526
6.7961249
8.0864105
5.7853622
7.7648268
7.3687901
7.0412865
8.3222208
7.26443
8.7828484
7.9746189
7.6564722
6.8102999
7.9525647
7.9322596
7.4256983
7.6990495
2.7175291
7.7753806
7.8983579
7.887691
8.099782
7.6071329
7.5792408
7.8823147
8.0346775
8.1081505
7.6847839
2.7175291
4.8771038
8.4911423
7.5307097
7.8605156
8.3697205
8.1658611
6.4185686
7.9296923
7.1109004
8.0021925
7.8940382
7.6765399
7.5645347
7.7282271
4.8352895
7.5755849
8.6971312
4.1490693
7.7159038
8.0431814
7.8511748
7.5151887
8.0753603
8.5171928
7.1426015
5.7503023
7.8796158
5.8389792
7.2942801
7.5463142
7.5363641
7.8930387
6.856988
7.3460908
4.6126423
7.6044674
8.3649158
8.3764935
7.7541599
6.8700533
7.9036489
5.5970321
7.9943914
4.8352895
0
7.1251683
5.9279256
8.2687321
7.4000969
7.7712479
4.9299674
8.3828449
7.9943914
7.7891588
0
7.6496925
7.8940382
0
7.4383836
7.3688803
7.7218552
8.2783012
5.7861304
7.4509096
7.4529824
8.1481981
8.0506124
6.4659224
7.8494353
7.9958963
7.9650493
7.9798279
6.6765437
4.0604429
7.7186856
6.2978983
8.4310904
7.5594292
8.0063677
7.5755849
7.8240461
7.495542
7.4509096
5.7042584
6.7742238
7.7218552
7.7468562
7.7433782
8.0391569
7.8438487
0
8.013485
7.854991
7.9871364
8.1145811
7.1078935
8.1419802
6.3613024
5.4948235
8.2460728
8.0619373
7.7530103
6.802712
5.300458
7.7281642
0
7.9348207
8.7757034
8.0902491
7.8714747
8.0842104
0
7.704699
7.5691538
8.0748043
6.5096202
7.7437654
7.5496092
7.6394362
7.7530103
7.7469182
5.1335902
8.4173727
6.802712
7.7674756
7.3642755
7.4160776
7.8038435
8.004282
8.0039835
7.6864247
6.7868781
5.9773021
8.0322208
7.3910627
8.8939161
5.3347869
7.2575316
7.6896982
7.6255951
0
8.5700569
7.9033194
7.5059047
7.9373746
8.0864105
7.7406645
7.6221046
7.8211846
7.6221046
7.8354096
6.2568464
7.8268991
7.4299445
7.8268991
5.8933692
0
6.6117048
0
6.1259332
0
6.3108268
0
0
7.5112901
8.0883312
7.5851541
7.6462855
8.2314138
7.9348207
8.0111179
7.8389344
7.2134528
7.4714446
7.7324786
6.818768
5.9748993
7.3553672
8.0105257
7.6990495
7.5073762
8.1209707
7.9789109
8.6163921
7.749938
0
8.607295
8.1666222
7.0960116
7.7437654
5.5249548
8.6581964
7.9079275
8.1222973
7.6040225
7.7313042
5.0106354
7.4915657
7.7780023
0
7.6377163
4.6728287
0
8.4062614
7.8983579
8.2408752
8.1424999
5.2272816
7.5828838
3.9219732
9.1034231
6.4663668
7.5792408
7.9193563
7.5792408
7.5755849
8.0063677
7.4272928
7.6009026
7.7979956
8.4473066
0
7.6765399
6.4331698
0
7.8382306
7.6225414
5.91851
8.2976151
6.8300638
7.6286392
7.6819062
7.3732848
7.1422625
7.4915657
7.6598449
5.9917769
5.3612924
7.9102235
7.7858768
5.6063271
0
7.9193563
7.9141479
6.7115664
5.5529594
7.6615272
8.1461296
8.1921549
0
8.1145811
7.7742553
4.974144
8.7160444
7.2939892
0
6.0607905
7.854991
7.7281642
7.6044674
7.6255951
7.832581
8.4431162
7.0412865
8.0158463
7.7218552
7.4129367
6.3864584
6.9566646
0
8.1827192
7.7832241
8.3152523
7.9373746
7.4885731
4.8631291
7.7155061
7.1750116
7.5828838
7.9810925
8.6073208
7.9245377
7.7621708
7.6865559
0
7.4591742
7.1590695
4.8631291
7.8190336
5.8763342
7.5496092
7.8714747
7.749938
7.6831403
5.6194944
7.3998346
7.8704524
7.3133154
8.162302
7.5161614
7.3551846
5.269146
4.5499215
8.1315308
0
7.191967
8.2314138
8.0531712
7.223608
7.5719151
2.7175291
7.4716883
8.330864
7.4915657
7.2132421
7.0532618
7.9572649
0
8.3117495
7.6225414
7.9625649
7.8190336
8.4526548
7.2132421
7.4990082
8.2576818
3.9244456
6.4991422
8.1481981
5.0625949
7.6665564
8.1419802
7.7344337
0
8.3034115
7.9036489
7.0227408
7.4509096
7.5682316
7.8957019
7.5792408
7.8038945
8.1273203
7.2493167
8.0551577
7.6990495
4.457664
7.5035257
7.4384675
0
7.7861958
7.7802434
7.9079275
7.0900769
4.6138821
7.1022639
7.2133474
7.9141479
7.2793188
7.9125147
7.6933675
7.1938734
6.5918698
7.8410435
7.3540425
6.9923263
0
8.1965942
0
7.5458426
7.4425764
8.0368509
7.4123111
7.3597403
7.8466458
7.7742553
7.5024624
7.4851408
7.5792408
7.4591742
5.9925356
7.5297422
8.0797949
7.8438487
7.8067546
7.8190336
8.1523218
6.8492179
7.1004395
7.8265429
7.5421376
4.2806263
7.5059047
8.7302866
7.8870206
7.5306334
7.4256983
7.4920635
0
7.7433782
7.5828838
7.9010072
8.0371389
7.6530881
7.4875736
7.4509096
7.8413944
0
7.6831403
7.0659795
7.704699
8.066432
8.3808575
7.709116
7.7250147
0
7.8986897
6.9565454
6.9835253
6.0453439
7.8089323
5.2265143
8.2389898
8.2295113
7.9897056
0
7.8268991
7.3868246
7.1845345
5.7296357
8.0491877
7.5755849
8.7042894
7.5865135
7.0160971
7.5626812
5.6821208
7.6462855
7.6407242
7.4000096
7.4875736
7.8067546
7.7541599
7.5792408
5.1033449
7.6081619
8.1584749
7.7075124
6.7863946
8.0471897
7.8870206
9.5858374
7.9789109
8.8475246
5.0106354
7.4632812
7.772963
6.3969297
7.4010024
7.5645347
7.2391124
5.7842097
7.6929607
8.1352005
7.4995813
6.6206446
4.3257871
3.7776749
8.0000982
7.4130225
7.7591267
6.7369671
7.3910627
7.8014426
8.4104424
8.0574226
6.4277015
6.9703274
4.4815893
0
7.8139958
7.4425764
5.3340983
7.8846707
8.2476788
7.7406645
0
7.2837915
0
5.2280483
8.1230917
7.5937338
6.9005866
7.8265429
7.2289066
0
0
0
7.5382667
7.467371
7.5396919
8.3217859
7.4272928
7.5270252
5.5231738
7.8125515
7.4383836
8.622839
7.5901303
8.2408752
7.7250147
0
7.495542
7.9681463
7.5659227
7.8438487
6.7202201
5.3018823
8.0188313
6.8939462
7.8656678
7.3413911
7.3580346
5.4039636
0
4.7436891
7.8656678
6.2154651
6.818924
7.5914831
8.1252079
6.5512843
7.7186856
8.0483322
7.749938
7.8240461
8.1167154
7.8870206
7.3460908
5.3706379
7.6558046
5.9550967
7.5973248
7.2746778
5.3919215
7.5306334
7.3659711
8.1694069
8.0368509
6.6578274
7.7218552
7.7701702
7.130899
7.4744887
7.5024624
7.887691
6.7885494
7.7344337
8.6875629
7.9575772
8.1111031
7.3540425
7.0255384
6.6665931
7.8536048
7.712316
7.0416617
4.9678273
7.6665564
7.5787845
7.6040225
7.8660102
5.2997451
7.4835658
7.202661
6.4092345
7.6929607
8.1440573
4.8620248
8.0391569
7.5190725
7.5151887
7.996798
7.4299445
7.4467516
7.7214594
8.0322208
8.0842104
7.5682316
6.4678926
7.5973248
7.9895606
8.2886782
2.9768043
8.3496199
7.1080103
0
7.2645302
7.7406645
7.6080198
6.3733196
4.4067192
7.8438487
8.6591263
7.8190336
6.9263315
8.0208454
8.4711494
7.4714446
6.4583383
7.4714446
7.615087
7.8983579
0
5.7037826
8.5915051
7.6556273
6.5516925
7.4198303
7.7218552
8.4842052
2.0794415
7.8986897
7.9296923
2.5933874
7.5851541
8.1625566
0
6.6208348
7.1313987
7.0099249
0
7.4781699
8.1378136
8.2687321
6.171999
0
0
7.5755849
7.6009026
0
6.2436118
7.8687463
6.9363427
3.2532773
7.8605156
5.4033208
7.8125515
5.2272816
8.0063677
6.3875103
6.9917517
7.5570998
7.8038435
8.8267975
8.0431814
7.6798458
6.8025537
7.8608599
7.3659711
8.0158463
7.6255951
7.5819745
7.5151887
7.4746304
7.5973248
0
7.0586505
8.0208454
7.2988315
7.2446356
6.3971677
7.3659711
5.8040047
7.7214594
7.8096571
7.972466
7.5756488
5.2697892
7.5267944
7.6798458
0
8.356144
6.2444444
0
0
8.066432
7.7514753
7.9261513
7.3998346
7.8714747
7.6765399
7.7648268
8.1926498
7.0475173
7.756073
8.5835428
7.552959
8.0146666
7.8714747
4.974144
6.974596
6.8102999
7.1534986
7.1194043
8.3762875
7.749938
7.5883236
7.3734641
4.910552
4.0555048
7.4876537
7.7313042
6.9445691
8.1204405
7.6080198
7.5828838
7.6464219
6.9014854
7.4425764
7.8114672
6.177166
7.3339214
7.6009026
0
8.5564137
8.0158463
7.9895606
8.8119926
7.9351401
7.9373746
0
7.4714446
7.9062839
0
7.6467118
7.6133251
7.2744794
8.6254072
7.0900769
8.3099937
6.7117405
7.4956212
8.0596828
8.0431814
6.2984896
7.4591742
7.7675285
7.615087
7.7979956
6.9836574
8.1260004
7.8714747
7.0227408
7.5034471
8.0368509
8.8597689
0
7.4420533
6.976748
0
8.766283
8.2427559
0
7.5719151
7.9789109
7.5533614
4.2806263
5.6574893
7.7742553
8.3082342
7.3910627
8.0252829
0
8.10357
7.1136074
5.0144377
7.9245377
7.6496925
7.5937338
0
5.4706936
7.7059059
7.9895606
7.4493527
7.7406645
7.8297439
8.1333675
8.2446346
0
8.3529921
6.8567629
8.1921902
7.6929607
7.0163531
7.6316743
0
7.8154378
3.9262078
7.8183155
0
8.1016779
7.5267944
7.7186856
6.9010181
7.6290731
8.2199802
6.9634604
0
7.5561666
7.377759
7.7591267
7.0034552
0
7.382391
7.8608599
7.7961607
7.4637933
7.5346098
7.7281642
7.7026854
7.5792408
4.9299674
7.0412865
5.1647859
7.7979956
0
6.9432602
7.8687463
7.7218552
5.8793354
7.3180656
6.637094
8.0208454
7.4214339
5.9457479
7.9895606
7.9116907
7.7568374
7.887691
7.5626812
7.8660102
7.0475173
7.7832241
8.44769
7.3039393
7.8584476
7.4602747
7.9484735
7.7772541
3.103946
5.6063271
7.575841
7.3320889
7.635994
7.5819745
7.1534986
4.1490693
6.9570894
7.9529667
8.0506124
8.0111179
7.5819745
7.798728
8.4038649
7.8850069
0
5.4706936
7.9681463
0
8.2389898
0
3.9233868
7.9261513
7.3866477
7.8297439
6.84131
6.4967752
7.529675
8.4882059
7.9193563
7.6645226
0
7.9681463
9.1357517
4.0604429
7.887691
7.8215427
7.6009026
7.6933675
4.0579767
7.6347604
4.860919
7.9895606
6.3488894
5.1466637
7.8089323
7.7406645
7.8957019
8.1523218
8.2893515
7.5151887
7.2576194
7.9399223
0
7.2597194
6.3496385
0
7.8438487
4.7449322
7.2793188
7.0841069
7.1752982
7.0162253
7.9373746
2.7175291
3.2484345
7.191967
6.7117405
7.5865135
0
7.6820793
7.6674509
7.9322596
6.418365
7.9937887
7.8125515
6.3767271
6.7945867
2.7175291
7.4299445
7.8775868
7.6186018
8.4867344
7.9010072
7.7155061
6.2436118
0
7.4716072
5.2280483
5.5496316
7.6429353
7.5828838
8.0506124
7.7861958
7.8687463
0
7.3954587
7.5229411
8.3368692
7.8154378
7.6990495
8.0797949
7.7568374
7.7468562
7.7218552
7.5330253
8.1569405
6.9432602
7.4085307
8.0205526
4.8631291
7.4995022
7.7059059
0
7.0784621
7.7460847
7.7345591
8.3394327
7.4744887
7.7438269
7.709116
8.1388569
8.0669918
7.2663035
7.6080198
5.3026829
8.2141562
6.7676306
7.8268991
7.8290334
7.7468562
7.9351401
5.9565773
6.720048
7.0163531
8.2361555
5.0163336
7.8211846
8.1502619
7.4256983
6.3368258
8.1946239
8.3156891
8.1926498
8.2558289
7.4341731
7.8605156
7.8009238
7.8741961
7.8741961
8.1252079
7.8410435
7.4310036
4.8620248
5.9121509
0
7.3320889
7.6290731
7.248682
7.2964134
8.5888491
2.5933874
7.512754
8.3936119
0
7.8986897
7.7313042
8.2218628
7.7530103
7.9594507
7.3551846
7.7652054
7.9296923
7.7621708
5.0616903
7.0781007
7.4995022
8.2797337
6.8181429
7.8038435
7.9348207
7.3551846
5.3706379
7.4875736
7.6377163
7.2619271
8.7242069
7.9500489
6.9289575
8.2723885
6.652863
6.5722823
8.3696871
7.5626812
7.7979956
0
6.3233342
7.8410435
8.1231346
7.6598449
7.7059059
7.7026854
7.5561666
7.5792408
8.267128
7.5230956
8.4778585
6.6491694
6.4879017
7.509335
0
0
8.1188459
4.9678273
7.7379432
7.4885731
6.9565454
8.2446346
6.8025336
7.2594175
7.7832241
8.4802694
8.2256947
0
0
8.2160883
8.6125031
5.7512112
7.7832241
7.9895606
7.7468562
7.7891588
3.9269116
4.5387249
8.0158463
7.4085307
7.7753806
6.976748
6.6297407
0
6.93257
7.3866477
7.9284062
8.0111179
7.2988315
7.8577571
7.5112901
7.0961299
7.4795418
8.2850809
7.9079275
8.539793
6.284667
7.8487387
6.0282784
7.8577571
8.0929823
7.6632066
7.0034065
7.9245377
6.6772408
7.9399223
7.8089323
7.5901303
7.7344337
7.9650493
7.8067546
